Using device: cuda
CL-Arguments: Namespace(augment=0, comment='q1a_baseline', disp=False, dropout=None, e_stop=False, epoch=20, jitter=0.2, norm=False)
hidden sizes: [128, 512, 512, 512, 512, 512]

ConvNet(
  (conv_net): Sequential(
    (0): Conv2d(3, 128, kernel_size=(3, 3), stride=(1, 1), padding=(1, 1))
    (1): MaxPool2d(kernel_size=2, stride=2, padding=0, dilation=1, ceil_mode=False)
    (2): ReLU()
    (3): Conv2d(128, 512, kernel_size=(3, 3), stride=(1, 1), padding=(1, 1))
    (4): MaxPool2d(kernel_size=2, stride=2, padding=0, dilation=1, ceil_mode=False)
    (5): ReLU()
    (6): Conv2d(512, 512, kernel_size=(3, 3), stride=(1, 1), padding=(1, 1))
    (7): MaxPool2d(kernel_size=2, stride=2, padding=0, dilation=1, ceil_mode=False)
    (8): ReLU()
    (9): Conv2d(512, 512, kernel_size=(3, 3), stride=(1, 1), padding=(1, 1))
    (10): MaxPool2d(kernel_size=2, stride=2, padding=0, dilation=1, ceil_mode=False)
    (11): ReLU()
    (12): Conv2d(512, 512, kernel_size=(3, 3), stride=(1, 1), padding=(1, 1))
    (13): MaxPool2d(kernel_size=2, stride=2, padding=0, dilation=1, ceil_mode=False)
    (14): ReLU()
    (15): Flatten(start_dim=1, end_dim=-1)
    (16): Linear(in_features=512, out_features=10, bias=True)
  )
)
conv_net.0.weight, torch.Size([128, 3, 3, 3]), # params: 3456, Parameter containing:
tensor([[[[ 0.1776,  0.0442, -0.0223],
          [ 0.0026,  0.0425, -0.0083],
          [-0.0168, -0.0738,  0.1316]],

         [[-0.0272,  0.0957,  0.0951],
          [ 0.0621,  0.0696,  0.0073],
          [ 0.0791, -0.1171,  0.0456]],

         [[ 0.0958, -0.1663,  0.1909],
          [-0.0087, -0.0559,  0.0916],
          [ 0.0053, -0.1574, -0.0680]]],


        [[[-0.0465,  0.0482,  0.1901],
          [-0.0110, -0.0250, -0.1670],
          [ 0.1579,  0.0064,  0.1913]],

         [[ 0.0879,  0.0573, -0.0190],
          [-0.0236, -0.0628, -0.0321],
          [ 0.0336, -0.1589, -0.1203]],

         [[-0.0248,  0.0736, -0.0683],
          [ 0.0259,  0.1603,  0.1605],
          [-0.0372, -0.1330,  0.1452]]],


        [[[-0.1220,  0.1910,  0.0322],
          [-0.0536, -0.0307,  0.0279],
          [ 0.0626,  0.1197, -0.0306]],

         [[ 0.0982,  0.1355,  0.0515],
          [ 0.1839,  0.0561, -0.0243],
          [-0.0656,  0.0867,  0.0591]],

         [[-0.1394, -0.1481, -0.0450],
          [ 0.0512, -0.1858, -0.1269],
          [ 0.1790, -0.0805, -0.1321]]],


        ...,


        [[[ 0.0762,  0.1286, -0.1672],
          [ 0.1549,  0.1011,  0.0443],
          [-0.1587,  0.1113, -0.1243]],

         [[ 0.1251,  0.1135,  0.0659],
          [ 0.1114,  0.0804,  0.0833],
          [-0.1549,  0.1307, -0.1814]],

         [[-0.1312,  0.0231,  0.0403],
          [ 0.1038,  0.1830,  0.0704],
          [-0.0871,  0.0441,  0.1195]]],


        [[[-0.1190, -0.0886,  0.1164],
          [-0.1018, -0.1918, -0.0526],
          [ 0.0472,  0.1597, -0.0698]],

         [[ 0.0473,  0.1678, -0.1781],
          [ 0.0108, -0.1879, -0.0813],
          [-0.1696,  0.1716,  0.1875]],

         [[ 0.0362, -0.1896,  0.1036],
          [-0.0758,  0.0093,  0.0277],
          [-0.1659,  0.0815, -0.1301]]],


        [[[ 0.0617, -0.1659,  0.0373],
          [-0.0851, -0.1429, -0.1043],
          [ 0.1428,  0.0560,  0.0624]],

         [[-0.0672,  0.0677, -0.0456],
          [ 0.0490, -0.0469,  0.0591],
          [-0.1399, -0.1192,  0.1616]],

         [[ 0.1615, -0.1791,  0.1234],
          [ 0.1889, -0.0569,  0.1561],
          [ 0.1253, -0.0263, -0.1496]]]], device='cuda:0', requires_grad=True)

conv_net.0.bias, torch.Size([128]), # params: 128, Parameter containing:
tensor([-0.0390, -0.0426,  0.0490,  0.0808, -0.0124, -0.1761, -0.1814, -0.0577,
         0.1547,  0.0433,  0.0858, -0.0219,  0.1576,  0.0430,  0.1651,  0.0765,
         0.1779, -0.0324,  0.0449,  0.1793, -0.1351, -0.1584,  0.0059,  0.1807,
        -0.0442,  0.1408, -0.0795, -0.0731, -0.1697, -0.0104,  0.1131,  0.1025,
         0.0597, -0.0915,  0.0175,  0.0240, -0.1240,  0.0735,  0.1372, -0.0645,
        -0.0908,  0.1736, -0.1612,  0.0841,  0.1353, -0.0886,  0.1353, -0.1675,
        -0.1177,  0.1857,  0.1782,  0.1012,  0.1504,  0.0004,  0.0863, -0.1585,
        -0.0190,  0.0817,  0.1751,  0.1666,  0.0239,  0.0009, -0.0864,  0.0582,
        -0.0202, -0.0207, -0.0665, -0.1255,  0.1806, -0.0479,  0.0631,  0.0678,
        -0.1640, -0.1108, -0.1120, -0.1651, -0.1272, -0.1872, -0.1380,  0.0491,
         0.0498, -0.0011, -0.0309,  0.1891,  0.1233, -0.0157,  0.1083,  0.1685,
         0.1124,  0.0719,  0.1244,  0.0818,  0.0961,  0.0366,  0.0636, -0.0280,
         0.0084,  0.1906,  0.0453, -0.0219, -0.1065,  0.0579,  0.0135,  0.0265,
        -0.0763,  0.1920, -0.0060, -0.0186, -0.1681, -0.0245, -0.0976, -0.1049,
         0.1660, -0.1715,  0.0288,  0.0054, -0.1185,  0.1514,  0.0523, -0.1003,
         0.1488,  0.1706, -0.1806,  0.0798,  0.1534,  0.0194, -0.1674,  0.0702],
       device='cuda:0', requires_grad=True)

conv_net.3.weight, torch.Size([512, 128, 3, 3]), # params: 589824, Parameter containing:
tensor([[[[ 1.5599e-02, -2.6980e-02,  2.6791e-02],
          [ 1.0289e-02, -2.7785e-02, -2.1986e-02],
          [ 2.4862e-02, -2.6166e-02,  2.8157e-02]],

         [[ 2.8348e-03, -1.8147e-02, -8.7179e-04],
          [-1.6329e-02, -2.6021e-02,  1.4220e-02],
          [ 2.9977e-03,  1.7200e-02,  1.8675e-02]],

         [[ 2.7932e-02, -2.0575e-02,  6.7159e-03],
          [-2.3618e-02,  1.1226e-02, -4.6081e-03],
          [ 2.0451e-02,  9.9871e-03,  1.5936e-02]],

         ...,

         [[-1.9824e-02, -7.2786e-03,  2.3337e-02],
          [-2.6215e-02, -1.7694e-02,  1.8055e-02],
          [-4.3667e-03, -1.4126e-02,  2.7910e-02]],

         [[ 2.9378e-02, -2.5293e-02, -7.5528e-03],
          [ 1.1707e-02,  1.1719e-02,  1.3483e-02],
          [-1.1642e-02, -2.2348e-02, -1.0241e-02]],

         [[ 2.5561e-02, -2.0741e-03, -2.4176e-02],
          [-1.1916e-03,  1.0113e-02, -2.8957e-02],
          [-1.3935e-02, -9.8458e-03, -1.1750e-02]]],


        [[[-9.6656e-03,  2.0193e-02,  1.0034e-02],
          [ 4.5960e-03,  2.5741e-02,  2.5862e-02],
          [ 2.2083e-02,  1.3584e-02, -1.8612e-02]],

         [[ 2.8027e-03,  1.6651e-02, -1.6721e-02],
          [ 2.4939e-02, -2.1226e-02, -2.7079e-02],
          [ 1.1448e-02, -2.3287e-03,  4.6906e-03]],

         [[-8.6089e-03,  1.1730e-02, -1.8952e-02],
          [ 2.4912e-02, -1.8466e-02,  2.7598e-02],
          [ 2.2708e-02, -1.3359e-02, -1.9063e-02]],

         ...,

         [[-1.0448e-02,  1.7044e-02,  1.5303e-02],
          [-2.2320e-02,  2.5619e-02, -2.3530e-02],
          [ 1.0988e-02, -1.0440e-02,  1.4696e-02]],

         [[ 1.4122e-02,  2.1178e-02,  1.0413e-02],
          [ 2.7537e-02, -1.8277e-02,  7.9353e-03],
          [ 2.5405e-02, -2.3512e-02,  1.8419e-02]],

         [[-9.1290e-05, -3.4626e-03,  1.4683e-02],
          [ 3.9250e-04, -2.3813e-02, -2.3551e-02],
          [-9.2342e-03, -9.3975e-03, -1.2070e-02]]],


        [[[-2.4467e-02,  2.7216e-02, -1.8478e-02],
          [-2.1145e-02, -1.6158e-02,  4.5807e-03],
          [-2.8171e-02, -9.1678e-03, -5.2608e-03]],

         [[ 2.6568e-02,  1.4873e-02, -2.9991e-03],
          [ 2.9174e-02, -2.4185e-02, -2.5794e-02],
          [-1.5001e-02,  1.9425e-02,  2.8399e-02]],

         [[-1.0619e-02, -4.3633e-04, -4.5999e-03],
          [-1.0457e-02, -1.1419e-02,  8.5752e-03],
          [-1.0980e-02,  2.5941e-02, -1.3765e-02]],

         ...,

         [[-6.0892e-03, -2.5890e-02,  1.2473e-02],
          [-2.6191e-02,  2.1321e-02, -2.2250e-02],
          [ 2.5949e-02,  2.0707e-02, -2.0971e-02]],

         [[-1.0242e-02,  2.3720e-02, -2.8558e-02],
          [-1.0666e-02,  1.9363e-02, -1.1971e-02],
          [ 1.7968e-02,  2.6396e-02, -2.2365e-02]],

         [[-4.1314e-03,  2.1193e-02,  1.5508e-02],
          [ 2.6779e-02,  1.7893e-02, -1.8315e-03],
          [ 6.5074e-03,  1.0152e-02, -1.5501e-02]]],


        ...,


        [[[-1.9598e-02, -4.2432e-03,  1.9613e-02],
          [-1.3021e-02, -2.7057e-02,  8.4691e-03],
          [ 1.8438e-02,  1.8961e-02,  6.5701e-03]],

         [[-2.4692e-03, -6.6756e-03,  2.7619e-02],
          [ 6.8342e-03,  2.7898e-02,  1.4875e-02],
          [-1.9915e-02,  3.7965e-03, -1.9309e-02]],

         [[ 1.3685e-02, -6.3410e-03, -1.8846e-02],
          [-9.4292e-03,  2.9660e-03,  8.3060e-03],
          [ 2.5596e-02, -7.8979e-03,  1.4371e-02]],

         ...,

         [[-2.1153e-03, -8.8992e-03,  5.2110e-03],
          [ 6.1341e-03, -5.8426e-03,  2.6497e-02],
          [ 1.7434e-02,  1.9800e-02, -8.1294e-03]],

         [[-2.5673e-02, -5.3044e-03, -1.8664e-02],
          [-1.3229e-03, -2.3024e-02, -1.7325e-02],
          [ 1.7213e-02,  1.5665e-02, -1.1604e-05]],

         [[ 1.2840e-02,  1.8155e-03, -9.9083e-04],
          [ 1.9759e-04,  1.4979e-02,  7.1504e-03],
          [ 2.6685e-02,  2.2092e-02, -2.1558e-03]]],


        [[[-2.6072e-02,  2.4803e-02,  1.5664e-02],
          [-2.8154e-02, -1.6618e-02,  1.1901e-02],
          [ 1.7193e-02,  1.3590e-02,  8.6615e-03]],

         [[ 1.5475e-02,  1.8612e-03,  3.7414e-03],
          [ 1.1785e-02, -1.8670e-02,  1.0298e-02],
          [-2.9405e-02,  2.7494e-02,  4.6453e-03]],

         [[ 6.0668e-03, -1.6147e-02, -2.6495e-03],
          [-1.0240e-02, -1.5010e-03,  1.9042e-02],
          [ 7.4424e-03,  1.3852e-02,  6.3453e-04]],

         ...,

         [[-2.3262e-02, -7.1545e-03,  2.7087e-02],
          [ 6.3170e-03, -2.8028e-02, -1.4589e-02],
          [-3.6594e-03,  2.0221e-02, -4.7422e-03]],

         [[ 1.3834e-02,  1.6770e-02,  6.1181e-03],
          [ 1.6818e-02,  1.1124e-02,  7.1321e-03],
          [-1.4152e-02,  1.6635e-02,  5.9258e-04]],

         [[-1.4589e-03,  3.4777e-03,  8.9737e-03],
          [ 4.0370e-03,  2.7694e-02,  2.7077e-03],
          [ 8.4511e-03,  7.9053e-03,  1.3182e-03]]],


        [[[-9.3779e-03, -2.1091e-02,  2.0463e-02],
          [ 1.8799e-02, -2.2622e-02,  2.8629e-02],
          [ 1.4392e-02, -1.9467e-02,  2.7669e-02]],

         [[-1.7123e-02,  3.9937e-04, -6.0834e-03],
          [ 9.7834e-04,  1.7829e-02, -2.2399e-02],
          [-1.0330e-03, -1.7476e-02,  2.3440e-02]],

         [[-1.1566e-02, -2.5134e-02,  4.6066e-03],
          [ 1.0895e-02, -1.5328e-02, -2.5570e-02],
          [ 2.7273e-02,  5.7965e-03,  2.4238e-02]],

         ...,

         [[ 1.4656e-02,  2.5953e-02,  1.6103e-03],
          [-1.4419e-02, -8.6121e-03, -1.3734e-02],
          [ 2.3787e-03,  1.3684e-02, -1.7858e-02]],

         [[-1.8186e-02, -2.6408e-02, -2.4868e-02],
          [-1.7652e-02,  2.0191e-02,  5.6809e-03],
          [-1.3060e-02,  1.1839e-02, -6.2661e-03]],

         [[-1.5653e-02,  1.1723e-02,  2.2424e-02],
          [ 1.9535e-02, -5.4548e-03,  2.8478e-02],
          [-1.4780e-02,  8.0762e-03,  4.1726e-03]]]], device='cuda:0',
       requires_grad=True)

conv_net.3.bias, torch.Size([512]), # params: 512, Parameter containing:
tensor([ 6.4649e-03,  3.8378e-03, -2.3886e-02, -1.7874e-02,  1.8140e-02,
        -1.7492e-02,  2.7624e-02,  9.7432e-03, -2.0644e-02,  1.6241e-02,
        -1.1667e-02,  7.2472e-03, -2.8814e-02,  3.9913e-03, -9.8184e-03,
        -2.0471e-02,  2.8604e-02,  1.7985e-02, -1.9117e-03, -1.3092e-03,
         2.3211e-02,  8.2808e-03, -4.4773e-03, -1.9394e-02, -1.9604e-02,
         1.3352e-02, -2.7983e-02,  2.0478e-02,  2.7672e-02,  2.4477e-02,
         2.5804e-02, -1.2965e-02,  2.0948e-02,  1.7947e-02,  1.5065e-02,
         6.2959e-04,  2.5190e-02,  2.2811e-02,  3.7305e-03,  2.8560e-03,
        -1.0030e-03, -1.2593e-02, -6.3515e-03,  1.7283e-02, -2.0973e-02,
         1.0763e-02,  2.3698e-02,  6.9090e-03,  2.7535e-02,  1.0405e-02,
        -2.1124e-02,  6.1213e-03, -1.2540e-02,  7.2037e-03, -2.5176e-03,
        -6.0449e-03,  1.2925e-02, -7.6109e-03,  1.8014e-03,  2.6829e-02,
        -2.2328e-02, -2.4052e-02, -2.3955e-02,  2.9444e-02, -2.2161e-02,
         2.3921e-02, -4.8433e-04,  2.6032e-02, -6.3918e-03, -3.8078e-03,
        -2.1448e-02, -1.0061e-02, -1.5387e-02, -2.7824e-02, -1.7750e-02,
         1.7538e-02,  2.2655e-02, -1.0065e-02,  2.3270e-03,  1.9765e-02,
        -1.4031e-02,  1.6463e-02, -4.6469e-03,  2.5113e-02, -2.4632e-02,
        -7.7064e-03, -2.0612e-02,  1.3477e-02,  2.3897e-04, -1.4477e-02,
         2.8121e-02, -5.8809e-03,  2.0462e-02, -8.1656e-03,  1.6950e-03,
         2.8560e-03, -1.8957e-02,  1.1617e-02,  1.7334e-02,  2.7596e-02,
        -2.1764e-02,  1.8340e-02, -1.4201e-02,  6.4786e-03,  1.4139e-03,
        -6.7716e-03, -8.1791e-03, -1.1912e-03, -1.3960e-02,  9.7710e-03,
         1.0459e-02,  1.3623e-02, -2.5688e-02,  9.7584e-04,  1.8737e-02,
        -1.3761e-02,  1.4922e-02, -2.0202e-02, -1.9613e-02, -2.6656e-02,
         1.3791e-02, -2.6044e-02,  2.6189e-02,  2.1381e-02, -1.4705e-02,
        -2.3551e-03, -2.3274e-02,  1.1219e-02, -5.8518e-03, -1.4911e-02,
        -9.5092e-03,  2.6283e-02, -2.3148e-02,  1.7825e-02, -1.4278e-02,
        -1.4028e-02,  2.7517e-02, -9.3669e-03, -5.3911e-03, -2.5572e-02,
         1.1005e-02, -8.6943e-03, -1.2161e-02,  1.5770e-02, -1.9396e-02,
         2.0815e-02, -7.2262e-03,  2.9337e-02, -1.4425e-02,  4.8003e-03,
         1.8970e-02, -1.3954e-02, -4.5213e-03,  2.5340e-02,  1.5779e-02,
        -2.9060e-02, -7.2804e-03,  1.7142e-03, -1.4077e-02,  6.5768e-03,
        -5.6271e-03, -3.5321e-03, -1.3278e-02, -1.2430e-02,  1.0482e-02,
        -4.3257e-03,  1.6983e-02,  1.5632e-02,  2.0233e-02, -1.6674e-02,
        -5.6058e-03, -1.6438e-02,  2.4575e-02, -2.3981e-03,  1.0656e-02,
        -2.9291e-02,  2.2768e-02, -2.0805e-02, -2.0510e-02,  5.1315e-03,
         2.4115e-02,  1.3709e-03, -1.7497e-02,  2.9430e-02,  8.3234e-03,
        -2.0660e-02,  1.3338e-02, -1.1557e-02,  2.0822e-02,  2.2912e-02,
        -1.9711e-02, -2.6011e-02, -2.2367e-02,  2.5787e-02,  4.4526e-03,
         2.0009e-02, -2.6306e-02, -6.8221e-03,  1.6206e-02, -2.0471e-02,
         4.6235e-03,  1.3129e-02,  4.7974e-04, -1.9969e-02, -1.5686e-02,
        -2.0329e-02, -3.4422e-03, -2.8284e-02, -1.3068e-02,  5.9843e-03,
        -1.3331e-02, -1.6095e-02, -2.7506e-03, -2.7695e-02, -2.8011e-02,
         6.1291e-03, -2.2691e-02, -6.9913e-03, -2.4875e-02, -1.0096e-02,
         2.0973e-02, -3.4180e-03,  1.8672e-02, -1.9036e-02,  6.0392e-03,
         4.5030e-03, -2.3707e-02, -1.4516e-02,  4.9419e-03, -1.4811e-02,
        -1.7252e-02,  1.9141e-02,  2.2533e-03, -2.0084e-02, -2.6086e-02,
        -1.1902e-02,  2.6581e-02,  2.8918e-02,  1.0671e-02,  2.1959e-02,
        -1.1038e-02, -2.8720e-02, -1.4613e-02,  2.7361e-02, -4.3592e-04,
         2.2883e-02,  2.0244e-02,  2.1019e-02,  1.1763e-02,  2.7091e-02,
        -1.5571e-02,  1.7803e-02, -1.7526e-03,  1.7517e-02,  4.0519e-03,
         1.6169e-02, -7.2905e-03,  8.0066e-03,  7.6234e-03, -1.7239e-02,
        -1.1536e-03, -2.4243e-02,  1.9392e-02,  1.3395e-02,  6.8251e-03,
         1.7087e-02, -5.4952e-03,  1.2017e-02,  2.9277e-02, -4.1121e-03,
        -1.3122e-02,  1.8530e-02,  2.5578e-02,  1.6281e-02, -2.5253e-02,
        -1.1274e-02, -2.3007e-02,  5.3000e-03,  1.9316e-02, -2.7362e-02,
         1.3369e-02,  1.2884e-02,  1.3405e-02,  1.0588e-02, -2.6946e-02,
         1.9966e-02,  7.6086e-03,  1.0125e-02, -1.9744e-02, -1.9659e-02,
        -2.0621e-02,  2.6465e-02, -5.2117e-03, -1.2944e-02, -2.4551e-02,
        -1.8147e-02, -1.1568e-02,  9.2366e-03, -1.3540e-02,  6.6366e-03,
         7.8729e-03,  6.6879e-03,  1.5865e-03,  1.8777e-02, -6.7896e-03,
         1.1400e-02, -2.3245e-02,  5.3955e-03,  2.2222e-02,  2.2938e-02,
        -1.8184e-02, -7.3225e-03,  2.7919e-02, -2.2717e-02, -1.9884e-02,
         1.9046e-03,  5.6036e-03,  1.7482e-02,  1.7438e-02, -1.5660e-02,
         2.1527e-02,  6.4216e-03, -4.5326e-03, -8.3590e-03,  2.6284e-02,
         3.5949e-03,  2.4391e-02, -2.4060e-02,  1.9308e-03,  3.9269e-03,
         2.4340e-02, -1.2836e-02,  1.2101e-03, -1.8302e-02, -7.3702e-03,
         1.9514e-03, -2.6095e-02, -2.7272e-02, -2.3544e-02,  2.4074e-02,
         1.2036e-02,  6.1825e-03,  2.2612e-02,  5.5661e-03, -8.4077e-03,
         9.8360e-03, -1.5287e-02,  7.6121e-04,  4.2159e-03, -1.7350e-02,
        -3.9942e-03,  1.4976e-02,  2.8519e-02, -1.6341e-03,  5.7745e-03,
        -1.7121e-02, -1.7481e-02, -2.5770e-03, -9.6010e-04, -1.6578e-02,
         2.4619e-02,  1.9227e-03, -8.6153e-03,  3.9973e-03,  2.3827e-02,
         5.2502e-03,  1.6507e-02, -1.6890e-02, -1.8907e-02,  1.6706e-02,
         1.6955e-02,  6.0312e-03,  1.4353e-02, -1.9518e-02, -2.4571e-02,
        -8.2491e-03, -5.6096e-03, -6.3357e-03, -3.8794e-03, -1.2228e-02,
         2.0659e-03,  2.0648e-02, -5.2338e-03, -2.4719e-02,  1.3400e-02,
         2.0306e-02, -2.0145e-04, -1.9706e-03,  2.9286e-02, -1.9976e-02,
         6.3983e-03,  2.1566e-02, -6.6446e-04, -2.1976e-02,  2.6144e-02,
         1.7440e-02,  1.1131e-02,  2.4402e-02,  2.1028e-02, -7.4348e-03,
         3.6908e-03, -2.8228e-02, -5.7327e-03,  5.8357e-04, -2.5118e-02,
        -3.8933e-03,  7.4679e-03, -1.5347e-02, -1.7640e-02,  9.9040e-03,
        -2.5017e-02, -1.5156e-02,  2.5622e-02, -2.0709e-02,  7.3750e-03,
        -1.8839e-02, -5.6787e-03,  2.3617e-03, -5.2868e-03,  1.7074e-03,
        -1.2547e-02, -2.0673e-02, -1.9618e-02, -6.9207e-03,  2.2389e-04,
         1.0693e-02,  2.6216e-02, -2.1658e-02, -2.4590e-03, -2.8188e-02,
        -2.4103e-02, -2.3703e-02, -1.5337e-02,  1.1943e-02,  2.5768e-02,
         2.1938e-02,  2.0093e-02, -4.2797e-03,  2.4908e-02,  2.1923e-02,
         2.1546e-02, -8.7241e-03, -8.5986e-04, -2.3986e-02, -5.8156e-04,
         1.9470e-02,  1.5256e-02, -3.0006e-03, -2.1129e-02, -1.7436e-02,
        -1.5800e-02,  1.6330e-02, -2.0295e-02,  8.5382e-03, -1.8525e-02,
        -2.7195e-02,  1.7838e-02,  2.7876e-02,  2.3469e-02,  3.0363e-05,
        -1.3704e-02, -1.5091e-02,  2.8762e-02, -9.9856e-03, -1.4782e-02,
         6.3841e-03, -2.7534e-02,  2.4525e-02, -2.1701e-02, -1.1745e-02,
        -8.9186e-03, -7.4370e-03, -6.8263e-04, -2.7357e-02,  1.0265e-02,
        -1.3802e-02, -1.7755e-02, -2.8416e-02,  5.6572e-03, -2.7380e-02,
         1.1979e-02,  3.9833e-03,  2.7329e-02,  1.7046e-02, -4.7702e-03,
        -2.5755e-02,  1.7749e-02,  2.8351e-02,  2.8589e-02, -1.4811e-02,
        -1.8113e-04, -2.0843e-02,  7.8904e-03, -2.4885e-02,  8.4487e-03,
         2.6779e-02, -5.2036e-03, -2.2942e-02, -4.7461e-03, -1.1194e-02,
        -1.1410e-02, -1.9527e-02, -2.0963e-02,  9.8030e-03, -1.9118e-02,
        -1.6547e-02,  1.1105e-02,  5.1320e-03, -2.6856e-02,  3.9034e-03,
         2.1306e-02, -4.2117e-03], device='cuda:0', requires_grad=True)

conv_net.6.weight, torch.Size([512, 512, 3, 3]), # params: 2359296, Parameter containing:
tensor([[[[-0.0062,  0.0042,  0.0003],
          [-0.0054,  0.0086,  0.0057],
          [ 0.0140, -0.0081, -0.0104]],

         [[-0.0034,  0.0088, -0.0051],
          [-0.0003, -0.0013, -0.0087],
          [ 0.0146,  0.0031, -0.0052]],

         [[ 0.0003,  0.0017,  0.0056],
          [ 0.0017,  0.0094,  0.0121],
          [-0.0041, -0.0071, -0.0053]],

         ...,

         [[ 0.0080,  0.0040, -0.0103],
          [ 0.0064,  0.0105,  0.0113],
          [ 0.0068, -0.0146, -0.0021]],

         [[ 0.0138, -0.0035, -0.0123],
          [-0.0042,  0.0056, -0.0067],
          [ 0.0063, -0.0085,  0.0003]],

         [[ 0.0101, -0.0012,  0.0131],
          [ 0.0119, -0.0085, -0.0076],
          [-0.0083, -0.0059, -0.0030]]],


        [[[-0.0052,  0.0147,  0.0007],
          [-0.0096,  0.0018,  0.0071],
          [-0.0085,  0.0049, -0.0057]],

         [[ 0.0068, -0.0068, -0.0017],
          [ 0.0061,  0.0115,  0.0039],
          [ 0.0100,  0.0126, -0.0097]],

         [[-0.0083,  0.0048, -0.0056],
          [-0.0031, -0.0089, -0.0046],
          [-0.0027, -0.0125, -0.0075]],

         ...,

         [[ 0.0072, -0.0030,  0.0094],
          [-0.0018, -0.0055,  0.0017],
          [-0.0048, -0.0123,  0.0038]],

         [[ 0.0083, -0.0073, -0.0008],
          [ 0.0075,  0.0137, -0.0086],
          [ 0.0072, -0.0099,  0.0133]],

         [[-0.0010,  0.0048, -0.0050],
          [ 0.0003, -0.0069, -0.0097],
          [-0.0066,  0.0134, -0.0045]]],


        [[[ 0.0001,  0.0115, -0.0134],
          [-0.0101, -0.0094,  0.0105],
          [-0.0061, -0.0109,  0.0100]],

         [[ 0.0102,  0.0104,  0.0049],
          [ 0.0013,  0.0088, -0.0108],
          [-0.0122, -0.0072, -0.0087]],

         [[-0.0097, -0.0022, -0.0139],
          [ 0.0112,  0.0100, -0.0141],
          [-0.0063,  0.0115, -0.0097]],

         ...,

         [[ 0.0128, -0.0012,  0.0009],
          [ 0.0039,  0.0099, -0.0129],
          [-0.0085,  0.0122,  0.0064]],

         [[-0.0091, -0.0099,  0.0048],
          [ 0.0017,  0.0089, -0.0051],
          [ 0.0102, -0.0089,  0.0012]],

         [[ 0.0045, -0.0104,  0.0083],
          [-0.0052,  0.0082, -0.0034],
          [-0.0050,  0.0007,  0.0118]]],


        ...,


        [[[-0.0085, -0.0011,  0.0012],
          [ 0.0087, -0.0110,  0.0083],
          [-0.0011, -0.0003, -0.0033]],

         [[-0.0040,  0.0050, -0.0138],
          [-0.0017, -0.0108, -0.0023],
          [ 0.0112, -0.0094,  0.0078]],

         [[ 0.0047,  0.0013,  0.0053],
          [ 0.0132,  0.0085,  0.0063],
          [-0.0021,  0.0075,  0.0135]],

         ...,

         [[ 0.0063, -0.0053, -0.0092],
          [ 0.0017,  0.0090,  0.0121],
          [-0.0007, -0.0122, -0.0025]],

         [[ 0.0130, -0.0020,  0.0040],
          [ 0.0118, -0.0142,  0.0012],
          [ 0.0054, -0.0091,  0.0065]],

         [[ 0.0015,  0.0032, -0.0141],
          [ 0.0117, -0.0023,  0.0005],
          [ 0.0090,  0.0064,  0.0066]]],


        [[[-0.0085,  0.0108, -0.0109],
          [-0.0100, -0.0124,  0.0024],
          [ 0.0096,  0.0036,  0.0099]],

         [[ 0.0076, -0.0050, -0.0140],
          [ 0.0083,  0.0146, -0.0073],
          [-0.0020, -0.0107,  0.0116]],

         [[ 0.0081,  0.0046,  0.0035],
          [-0.0112, -0.0019, -0.0143],
          [-0.0058, -0.0075, -0.0087]],

         ...,

         [[-0.0136, -0.0128,  0.0113],
          [ 0.0042,  0.0145,  0.0141],
          [ 0.0083, -0.0043, -0.0021]],

         [[-0.0083,  0.0026,  0.0054],
          [-0.0038, -0.0087, -0.0144],
          [-0.0011, -0.0077,  0.0064]],

         [[-0.0012, -0.0073, -0.0137],
          [-0.0128,  0.0114,  0.0121],
          [-0.0049,  0.0059,  0.0134]]],


        [[[ 0.0077,  0.0143,  0.0014],
          [ 0.0142, -0.0015, -0.0124],
          [-0.0027,  0.0115, -0.0042]],

         [[-0.0049,  0.0008,  0.0073],
          [ 0.0046,  0.0071,  0.0086],
          [-0.0041, -0.0087, -0.0092]],

         [[-0.0134, -0.0128,  0.0041],
          [-0.0022, -0.0037, -0.0006],
          [ 0.0017, -0.0094,  0.0064]],

         ...,

         [[-0.0097,  0.0084, -0.0087],
          [-0.0060, -0.0017,  0.0058],
          [ 0.0094, -0.0048,  0.0120]],

         [[-0.0092,  0.0091,  0.0024],
          [ 0.0082,  0.0109, -0.0133],
          [ 0.0089,  0.0141, -0.0005]],

         [[ 0.0078,  0.0028, -0.0104],
          [-0.0007,  0.0094, -0.0071],
          [ 0.0097, -0.0002, -0.0119]]]], device='cuda:0', requires_grad=True)

conv_net.6.bias, torch.Size([512]), # params: 512, Parameter containing:
tensor([-6.7040e-03, -1.3279e-02,  2.1742e-03,  9.5333e-03,  7.6598e-03,
        -4.1338e-03,  9.7055e-04,  1.1168e-02, -2.3136e-03, -7.2108e-04,
         7.1086e-03,  1.0978e-02,  1.6008e-04,  7.9697e-03, -5.9276e-03,
         1.2071e-02, -6.8084e-03, -3.2798e-03,  6.6829e-03, -3.6507e-04,
        -2.6038e-03, -5.9435e-03, -7.2751e-03, -1.5361e-03,  1.1322e-02,
        -4.7270e-03, -1.2971e-02,  1.4411e-02,  9.4728e-03,  8.2923e-03,
        -3.9387e-03,  1.3413e-02,  8.5756e-04, -8.1448e-03,  1.3262e-03,
        -4.1846e-04,  2.7931e-03, -1.4529e-02, -1.0724e-03,  1.2299e-02,
        -6.8066e-03, -1.8143e-04,  4.4200e-03,  1.5363e-03, -9.7615e-03,
        -6.6915e-03, -2.0519e-03,  2.4439e-03, -4.2723e-03,  4.7467e-04,
        -1.0861e-02, -1.2094e-02, -1.3148e-02,  5.8756e-03, -1.1682e-02,
        -1.5122e-03, -5.1964e-03, -3.2027e-03, -8.4274e-03,  5.3044e-04,
        -1.1767e-03, -4.0579e-04,  6.6118e-03, -9.5671e-03, -9.9342e-03,
        -1.0735e-03, -1.4139e-02,  6.8157e-03,  8.1413e-04,  1.4473e-03,
         1.3678e-02,  1.0095e-02,  7.8981e-03, -1.1173e-02, -5.7728e-03,
         1.4011e-04, -9.9967e-04, -1.2805e-02, -4.7550e-03, -1.4349e-02,
        -1.1013e-02,  1.5402e-03,  8.2549e-03, -5.0964e-03,  1.2720e-02,
         3.5721e-03,  1.2378e-02,  6.2144e-03,  2.1978e-03,  1.2173e-02,
        -2.8697e-03, -5.4009e-03, -6.9324e-03, -6.3032e-04, -6.5802e-03,
        -1.4497e-02,  5.8431e-03, -1.6116e-03, -7.6667e-04, -7.8267e-03,
         2.4840e-03, -8.4505e-03,  1.0118e-02,  8.4468e-03, -1.3681e-02,
        -6.5166e-03,  1.2399e-02,  1.8233e-03,  1.1332e-02, -1.0007e-02,
         1.2063e-02,  1.3629e-02,  1.0158e-02,  4.3383e-03,  1.0784e-02,
         1.9137e-03, -1.0481e-02,  1.2283e-02, -3.0606e-03,  6.4378e-03,
        -1.4025e-02, -1.0179e-03,  3.0880e-03,  1.4277e-02,  1.2450e-02,
         1.0684e-02,  1.2927e-02,  8.6302e-03,  5.3042e-03, -2.7303e-03,
         5.3973e-03, -5.9064e-03,  1.0112e-02, -1.3918e-02,  2.4541e-03,
        -4.1127e-03, -1.1572e-02, -8.1361e-03, -2.4156e-03,  4.2075e-03,
        -1.2211e-02, -1.0569e-02, -5.3156e-03,  7.2649e-03, -2.0038e-03,
         6.7170e-03,  2.5602e-03,  1.3826e-02, -1.1033e-02, -1.0192e-02,
         1.0855e-02,  6.7195e-03,  9.4816e-04,  5.6353e-03, -1.0480e-02,
         3.0219e-03, -2.7557e-03,  1.2223e-02,  4.8823e-03, -2.1853e-03,
        -6.1707e-03, -1.3384e-02,  7.3896e-03, -1.0338e-02, -3.1687e-03,
        -3.9212e-03, -1.3770e-02, -3.2689e-03, -6.2651e-03, -8.8989e-03,
         1.1234e-02,  3.5679e-03, -1.3876e-03, -1.3673e-02, -9.2802e-04,
        -8.8660e-03, -5.5873e-03,  1.0882e-02,  1.2203e-02,  1.4613e-02,
         5.9994e-03,  1.4068e-02,  4.7220e-03,  1.4578e-02,  5.3373e-03,
         1.1358e-03,  1.1192e-02, -2.7804e-03, -1.4077e-02, -1.6465e-03,
        -4.1354e-03, -1.7280e-03, -6.2836e-03,  8.8450e-03, -6.2065e-03,
         5.6082e-03, -2.1117e-03, -1.3837e-02,  1.1813e-02, -9.4312e-03,
        -3.0496e-03, -1.0107e-02,  2.0618e-03, -3.2933e-03,  5.1033e-03,
         6.1895e-03,  3.1771e-03,  5.3833e-04, -1.5580e-03, -9.6477e-03,
        -1.2537e-02, -1.1565e-02, -1.1312e-02,  7.4265e-03, -8.6462e-03,
        -1.1803e-02,  1.7847e-03,  9.8195e-03, -5.8108e-03, -6.6262e-03,
        -1.0320e-02,  3.6248e-03, -6.9054e-03,  5.7855e-05, -1.9812e-03,
         2.3781e-03,  9.6303e-03,  1.0790e-02,  5.7048e-03, -6.2155e-03,
         1.0764e-02, -1.1590e-02, -9.1534e-03, -7.1332e-04,  1.4312e-02,
        -7.6410e-03,  1.1869e-02,  1.4375e-02, -1.0945e-02, -1.2798e-02,
        -4.2674e-03,  1.7881e-03, -6.5152e-03,  1.0594e-02, -1.3776e-02,
        -7.9212e-03,  6.9409e-03,  3.8990e-03,  1.4587e-02, -1.4350e-02,
         6.7733e-03, -4.2246e-03, -3.4063e-03, -1.6219e-03,  3.9995e-04,
        -1.7593e-03,  7.4618e-04, -1.4456e-02, -5.3792e-03,  7.9333e-03,
        -1.1104e-02,  5.8485e-03,  2.1184e-03,  9.8030e-03,  2.2389e-03,
         8.0315e-03,  3.5175e-03, -7.6123e-03,  1.2774e-03,  9.6414e-03,
        -6.3651e-03,  1.4507e-02, -4.0886e-03, -9.4570e-03, -1.0112e-03,
        -2.0330e-03,  3.9765e-03, -6.9164e-03, -3.6101e-03, -1.7059e-03,
         3.4076e-03,  1.4383e-02, -6.6573e-05,  7.5889e-03, -1.3183e-02,
         1.0628e-02, -1.9793e-03,  7.8049e-03, -1.0070e-02,  6.8372e-03,
         4.0866e-03, -1.3724e-02, -1.2833e-03, -1.0906e-02, -1.1241e-02,
         6.8726e-03,  8.2951e-03,  8.1807e-03,  1.3024e-02, -7.4011e-03,
         4.1107e-03, -1.3266e-03, -1.0081e-02,  1.2223e-02,  2.2340e-04,
         8.7969e-03,  1.2388e-02,  1.0022e-02, -2.7509e-03,  7.8388e-03,
         2.6074e-03, -4.2943e-04,  1.8873e-03, -3.9009e-03,  1.0704e-02,
        -2.7276e-03,  1.1787e-02,  9.4503e-03, -1.0893e-02, -4.6496e-03,
         5.8128e-03,  3.1066e-03, -1.5007e-03, -1.4101e-03,  4.4364e-03,
         1.1313e-02, -6.3032e-03,  5.7947e-03, -8.7336e-03,  1.0141e-02,
         1.8634e-03, -1.6434e-03, -4.8604e-03,  2.8484e-04, -8.0026e-03,
         8.0693e-04, -5.9124e-03,  6.2771e-03, -1.0153e-02, -5.5262e-03,
        -7.1503e-03,  9.1595e-03,  5.6542e-03,  4.3860e-03,  1.4530e-02,
        -1.1258e-02,  1.0446e-02, -7.6723e-03, -9.3426e-03,  3.1915e-03,
         8.5468e-03, -8.5080e-03, -3.3962e-03,  1.5851e-03,  1.1758e-02,
         9.9870e-04, -5.9883e-03,  1.3216e-03,  7.5764e-03, -1.3854e-02,
        -5.2459e-03,  4.8045e-03, -1.3417e-02,  5.3042e-03, -5.5881e-03,
        -1.0591e-02, -7.5740e-03, -5.0532e-03, -2.4046e-03,  1.3088e-02,
        -7.0715e-03,  1.2114e-02, -9.4354e-03,  1.3531e-02,  6.8464e-03,
         3.4549e-04, -2.6412e-03,  4.6852e-03,  3.9504e-03,  4.9533e-03,
        -3.6774e-03, -6.7090e-03,  1.4397e-02,  8.0702e-03,  6.2061e-03,
         4.8110e-03,  1.0587e-02, -1.3180e-02, -1.2096e-02,  2.8887e-03,
         1.4233e-02,  2.2254e-03, -4.6552e-03,  9.5902e-03, -6.0550e-03,
         6.6152e-03, -1.4259e-02,  4.9755e-03,  7.8269e-03,  3.8270e-03,
         5.9451e-04, -1.0873e-02,  1.4030e-02, -2.6347e-03,  9.1650e-03,
         5.1593e-03,  1.2982e-02,  5.0113e-03, -4.7675e-03, -4.7005e-03,
         1.0428e-02, -3.4235e-03, -2.7938e-03, -4.9421e-03,  4.8134e-03,
         4.5796e-03,  8.0287e-04,  1.2814e-02, -9.4134e-03,  2.6681e-03,
         7.7522e-03,  1.0045e-02, -9.6476e-03, -1.1704e-02, -2.9212e-03,
         6.6017e-03,  1.1876e-02,  1.3138e-02,  6.6120e-03, -1.2257e-02,
        -7.5063e-03, -3.7158e-03,  1.1790e-04, -5.6397e-03, -1.0566e-02,
         5.8089e-03, -6.2651e-03,  8.3924e-03, -1.2045e-02,  7.7893e-03,
         7.3549e-03, -1.0011e-03,  2.3240e-03,  8.9027e-03,  2.1559e-03,
         5.7406e-03,  9.1284e-03, -1.4234e-02, -1.1191e-02, -1.0114e-02,
         6.2736e-03, -1.0199e-02, -1.2756e-02,  1.2095e-02, -2.3215e-03,
        -1.1928e-02,  9.4525e-03,  8.8299e-03, -2.4030e-03, -8.8870e-03,
         3.5685e-03, -7.0137e-03, -8.4640e-03, -4.6798e-03, -1.3371e-02,
        -9.7005e-03,  4.6679e-03,  1.3041e-02,  2.3949e-03,  1.4256e-02,
        -7.0566e-03, -9.5335e-03, -1.2377e-02,  6.1950e-03,  1.3731e-02,
        -2.0006e-03,  1.6870e-03,  4.7454e-03,  8.6746e-03, -8.7991e-03,
         5.1238e-03, -8.6982e-03, -1.3268e-03, -1.0103e-02,  7.1011e-03,
        -7.0864e-03, -1.2746e-02, -1.1850e-02, -2.4126e-03,  6.5643e-03,
         1.0572e-02, -3.0082e-03,  1.2390e-02,  1.3810e-02, -1.3864e-02,
         1.3638e-02,  5.2968e-03,  1.1875e-02, -2.4443e-03,  1.0006e-02,
         1.1203e-02,  1.4392e-02,  1.1546e-02,  5.6848e-03,  1.3253e-02,
         9.8490e-03,  9.4815e-03,  1.0205e-02,  8.3287e-03,  4.2612e-03,
        -2.5046e-03, -1.3771e-04], device='cuda:0', requires_grad=True)

conv_net.9.weight, torch.Size([512, 512, 3, 3]), # params: 2359296, Parameter containing:
tensor([[[[-1.2096e-02,  1.3386e-02,  1.4515e-02],
          [-1.4581e-02,  5.1263e-03,  1.1980e-02],
          [ 1.6578e-03,  1.1950e-02, -4.6292e-03]],

         [[-5.6059e-03, -1.4215e-02,  8.3591e-03],
          [ 1.1835e-02,  1.4646e-03, -1.3507e-02],
          [ 1.4398e-02, -1.3736e-02,  6.2651e-03]],

         [[-7.9448e-03, -3.1539e-03, -7.4026e-03],
          [ 3.8370e-03, -6.0321e-03,  5.9585e-04],
          [ 2.1718e-03,  1.1389e-03, -9.4974e-03]],

         ...,

         [[-4.5965e-04, -6.3256e-03,  4.4000e-03],
          [ 1.6616e-03, -1.3629e-03, -7.4985e-03],
          [-4.0099e-03,  3.6541e-03, -5.4697e-04]],

         [[-9.7511e-03, -6.1387e-03, -1.2802e-02],
          [ 7.8654e-03, -8.3787e-03,  6.7441e-03],
          [ 4.6859e-03,  1.4604e-02, -1.2240e-02]],

         [[-2.5648e-04,  7.9808e-03, -7.4183e-03],
          [ 3.8559e-03, -7.6019e-03,  9.6188e-03],
          [ 7.0727e-03,  2.8356e-03, -1.2733e-02]]],


        [[[ 9.7851e-03,  1.4600e-03, -9.8470e-03],
          [ 6.3477e-03, -9.0140e-03, -1.4672e-02],
          [-9.4375e-03, -5.5424e-03,  2.1838e-03]],

         [[ 2.5248e-03,  5.1568e-03, -1.3877e-02],
          [-1.2754e-02,  1.2151e-02,  1.4598e-02],
          [-6.5462e-03, -9.3526e-03, -1.0779e-02]],

         [[ 1.2880e-02,  9.1489e-03, -7.4891e-03],
          [ 1.0888e-02,  3.2576e-03, -6.3032e-03],
          [ 4.9094e-03, -4.8822e-03,  1.3773e-02]],

         ...,

         [[-1.4364e-02,  9.7187e-03,  1.0879e-02],
          [ 1.4492e-02,  1.4058e-03, -6.1050e-03],
          [ 7.5968e-03,  6.3400e-03,  1.4664e-02]],

         [[-1.2365e-03,  1.3645e-02,  1.1209e-02],
          [ 1.1561e-02, -1.0957e-02,  6.0731e-03],
          [ 3.9347e-03, -5.2260e-03, -5.5999e-03]],

         [[-1.1282e-02,  9.4122e-03, -2.3413e-03],
          [ 5.2620e-04,  1.4681e-02,  1.3200e-02],
          [ 7.7837e-03,  9.1676e-03,  1.2204e-02]]],


        [[[ 1.2083e-02, -4.5245e-03, -2.0424e-03],
          [ 8.4148e-03,  9.4623e-03, -2.4082e-03],
          [-4.5548e-03, -1.3819e-02,  7.4217e-03]],

         [[ 3.3826e-03,  2.6429e-03,  1.0019e-02],
          [ 1.3574e-02, -8.0753e-03,  9.4016e-04],
          [ 1.3543e-02,  6.5173e-03,  9.4161e-03]],

         [[ 7.3086e-03,  1.2470e-02, -1.1039e-02],
          [ 7.4281e-03,  4.6296e-03, -9.5662e-03],
          [-5.7183e-03, -1.4329e-02,  9.5130e-03]],

         ...,

         [[ 9.6638e-03,  1.2757e-02, -6.1067e-03],
          [ 4.2895e-03, -1.1524e-02, -3.9818e-03],
          [ 5.3997e-03,  9.8198e-03, -1.2078e-02]],

         [[-1.0093e-02, -1.0753e-02, -1.3219e-02],
          [ 1.4485e-02, -5.9663e-03, -4.9095e-03],
          [-6.9066e-03,  1.1545e-02, -1.5943e-03]],

         [[-7.2114e-03,  4.9443e-03,  8.1596e-03],
          [ 8.7283e-03,  6.2361e-03, -1.0119e-02],
          [ 1.0105e-02, -7.7044e-03,  5.0615e-03]]],


        ...,


        [[[-1.1919e-02, -1.3269e-03, -4.9260e-03],
          [-8.6053e-03,  5.1171e-03, -1.0617e-02],
          [-1.3541e-02, -1.4435e-02,  1.0501e-02]],

         [[ 1.3499e-03, -1.2371e-02,  8.6877e-03],
          [-1.3321e-02,  6.6773e-03,  1.2785e-02],
          [ 1.2544e-02,  3.4555e-03,  9.9798e-03]],

         [[ 5.9333e-03,  7.9551e-03, -1.6075e-03],
          [-1.1469e-02,  1.0452e-02, -1.3568e-02],
          [-1.1108e-02,  1.4630e-02,  8.1348e-03]],

         ...,

         [[-9.8667e-03, -3.7655e-04, -1.1267e-02],
          [-1.3706e-02,  1.0738e-02,  1.2596e-02],
          [ 3.8000e-03, -1.2061e-02, -1.3931e-02]],

         [[ 1.0588e-02,  5.4737e-03,  9.3686e-03],
          [-6.7534e-03,  1.2787e-02, -6.9128e-03],
          [ 1.4254e-02, -9.9830e-04,  3.3316e-03]],

         [[-1.3418e-02, -9.5139e-03,  5.7534e-04],
          [ 2.9332e-03,  8.7391e-03, -6.8492e-03],
          [ 3.3050e-03, -8.4384e-03, -5.3829e-03]]],


        [[[ 1.0786e-02,  5.7698e-03, -5.5391e-03],
          [-8.7791e-03, -4.6132e-03,  4.8964e-03],
          [ 4.6399e-03, -9.4655e-04,  4.6143e-04]],

         [[ 4.5735e-03,  1.3796e-02,  2.2258e-03],
          [-6.0734e-03,  3.6154e-03, -4.1544e-03],
          [ 9.4603e-03, -3.8134e-03,  1.4636e-02]],

         [[-5.3480e-03,  1.7847e-03, -9.1893e-03],
          [-6.1325e-03,  1.0199e-02,  1.4116e-02],
          [-1.0574e-02, -1.0283e-02,  1.3623e-02]],

         ...,

         [[-1.1214e-02, -1.3458e-02,  1.3968e-02],
          [-1.2690e-02, -5.3337e-03, -3.4442e-04],
          [-1.1067e-02, -6.0191e-03,  6.0886e-03]],

         [[ 7.3284e-03, -9.3805e-03, -9.9416e-05],
          [ 2.2179e-04,  7.8594e-03,  2.0422e-04],
          [ 1.1923e-02,  2.7039e-03,  7.8060e-03]],

         [[ 1.3663e-02, -1.2276e-02, -4.6997e-03],
          [ 6.5253e-03,  4.5349e-03,  8.0904e-03],
          [-1.0911e-02,  1.6673e-03,  1.2964e-02]]],


        [[[-1.2759e-02,  6.9923e-03, -2.1435e-03],
          [-2.6743e-03,  2.0508e-03,  1.6971e-03],
          [ 1.1745e-02,  6.4449e-03,  2.1735e-03]],

         [[-1.1093e-02, -1.2128e-02, -7.6930e-03],
          [-1.2009e-02,  4.8394e-03,  5.4713e-03],
          [ 1.4508e-03,  3.9709e-03, -6.5901e-04]],

         [[-9.7592e-03, -7.5196e-03, -1.1741e-02],
          [ 1.3849e-02,  7.1494e-04,  1.1843e-02],
          [ 9.8787e-04,  6.9168e-03, -4.8173e-03]],

         ...,

         [[-7.8240e-03,  4.5419e-03,  2.2489e-03],
          [-5.2402e-03, -1.1739e-02, -1.0981e-02],
          [ 2.0236e-03,  7.3695e-03, -3.9849e-03]],

         [[-6.9806e-03,  7.0161e-03,  7.9592e-03],
          [ 4.4865e-04, -8.9444e-03, -1.3253e-02],
          [ 1.2758e-02,  1.2504e-02, -9.7571e-03]],

         [[ 8.2142e-03, -1.1523e-02,  5.3121e-03],
          [-8.3659e-03, -2.9555e-03,  9.2701e-04],
          [ 1.8683e-03, -1.3979e-03,  7.6308e-03]]]], device='cuda:0',
       requires_grad=True)

conv_net.9.bias, torch.Size([512]), # params: 512, Parameter containing:
tensor([ 1.0553e-02,  1.4437e-02, -1.4680e-02,  1.2188e-02, -1.0591e-02,
        -6.7367e-03, -1.3163e-02, -6.9794e-03,  5.7200e-03, -1.4364e-02,
         9.9307e-03,  1.8372e-03,  6.6124e-03, -5.5180e-03,  2.7670e-03,
        -1.1810e-02,  3.2252e-03,  2.8806e-03,  8.1038e-03, -5.7035e-03,
         1.3235e-02,  1.3333e-02,  3.3129e-03,  3.4833e-03, -1.1176e-02,
         3.9651e-03, -9.2510e-03,  5.4290e-03, -1.4865e-03,  1.0527e-02,
         6.3197e-03, -7.8612e-03,  2.9133e-03, -1.4229e-02, -3.0968e-03,
         1.5066e-03, -8.8366e-04,  7.8447e-03,  1.1596e-02, -6.5032e-03,
        -6.3905e-05,  6.7191e-03, -4.2698e-03,  8.9023e-04, -9.5075e-03,
         7.5627e-03,  1.2234e-02,  6.6351e-03,  6.0443e-03, -1.0149e-02,
        -1.1862e-02,  4.2502e-03,  2.4151e-03,  5.5404e-03, -4.4455e-03,
         7.0390e-03,  1.2651e-02,  1.4699e-03, -8.7093e-03,  9.2805e-03,
        -8.7349e-03, -6.8191e-03,  6.1551e-03,  8.5963e-03,  1.0549e-02,
         1.3307e-02,  1.4254e-02,  1.6731e-03,  7.4613e-03,  8.3339e-04,
        -1.2735e-02,  8.2780e-03, -1.6949e-03, -1.7095e-03, -8.0526e-03,
         7.0726e-03,  5.3531e-03,  1.8928e-03, -1.3149e-02,  3.3701e-03,
        -9.4998e-03,  8.1558e-03, -8.7801e-03,  1.1838e-02,  1.4848e-03,
         3.8975e-03, -4.3393e-03, -9.7776e-04,  5.2218e-03,  1.2742e-02,
         7.3282e-03, -7.7177e-03,  4.6694e-03,  3.0458e-03,  4.6302e-03,
        -9.4673e-03, -8.2476e-03,  1.3906e-02, -3.0926e-03,  1.9558e-04,
        -3.9289e-03, -2.7361e-03, -9.8282e-03, -1.3384e-02,  1.0654e-03,
         4.6386e-03, -5.3868e-03, -2.5579e-03, -1.3613e-02,  9.2895e-03,
         1.1419e-02,  1.4438e-02,  1.2691e-02, -4.3507e-04, -1.1518e-02,
         1.0724e-02, -9.5220e-04, -1.2041e-02,  7.1485e-03, -6.6735e-03,
        -8.2344e-03,  8.9845e-04,  1.0323e-02, -8.6911e-03,  1.4136e-02,
        -7.1687e-03, -4.6897e-03, -1.0662e-02,  9.7667e-03,  5.8442e-03,
        -8.6146e-03, -1.4252e-02,  8.1860e-04,  8.9838e-04,  1.3310e-02,
        -3.6973e-03, -1.4386e-02,  7.2399e-03, -4.9685e-03, -5.4340e-03,
         2.5652e-03, -6.8742e-03,  1.3269e-02,  7.2806e-03, -1.3772e-02,
         3.5867e-03, -1.3067e-02, -5.2734e-03, -5.7216e-03, -8.7760e-03,
        -1.2703e-02, -7.2742e-03,  1.0081e-02, -1.4325e-03, -1.2862e-02,
        -3.6005e-03, -3.9191e-03,  2.2404e-03,  8.5189e-03,  1.0166e-02,
         1.4706e-02,  4.0340e-03,  6.7652e-03,  5.4911e-03,  1.1534e-02,
         7.9581e-03,  1.3905e-02, -8.6406e-04,  6.8055e-03, -4.9334e-03,
        -1.2533e-02, -2.7698e-03,  1.5324e-03, -7.9508e-03, -4.8377e-03,
         1.3532e-02,  7.9652e-03,  1.1597e-02, -6.3242e-03, -1.2069e-02,
         4.9052e-03, -1.0380e-02, -1.9583e-03,  2.3286e-03, -8.6544e-03,
         9.4124e-03,  8.8574e-03,  7.1530e-03, -2.8279e-03, -1.4348e-02,
        -3.2790e-04, -1.3652e-04, -2.6570e-03,  3.6090e-03,  1.3535e-02,
        -8.8475e-04,  1.0505e-02, -1.0133e-02,  3.6815e-03,  1.1228e-02,
        -7.2698e-04,  4.4132e-03,  9.3858e-03,  1.2152e-02, -5.5818e-03,
         3.5641e-03,  9.4765e-03,  1.2040e-02, -5.3711e-03,  6.5520e-03,
         1.1363e-02, -1.4643e-02, -2.3743e-03,  1.4281e-02, -1.3202e-02,
         1.2998e-02, -1.1538e-02, -1.6156e-03, -1.3665e-02,  1.1301e-02,
        -4.8762e-04, -1.2158e-03, -1.7802e-04, -8.7841e-03,  1.6662e-03,
         4.4402e-03,  1.3622e-02,  7.3886e-03, -1.4510e-02,  9.7268e-03,
        -6.9310e-03, -3.5051e-03,  1.5931e-03,  6.9217e-03,  5.7137e-03,
        -9.9516e-03, -8.0341e-03, -1.8332e-03, -7.6290e-03,  2.9379e-03,
         1.1010e-02, -7.2551e-03, -1.1902e-02,  2.2803e-03,  2.4734e-03,
        -7.2888e-03, -4.9944e-03,  1.4694e-02,  4.9563e-03,  7.2541e-03,
         4.5444e-03,  7.1285e-03, -1.4567e-02, -1.1555e-02,  1.2869e-02,
         6.4445e-03,  1.2957e-02,  5.4297e-03,  4.5147e-03,  1.1971e-02,
        -7.2230e-03, -4.4160e-03,  8.5592e-03,  1.3135e-02, -1.1268e-02,
        -7.8251e-03,  2.5439e-03,  1.2189e-02,  3.1505e-04,  1.1473e-02,
         7.6846e-03,  8.5800e-03, -8.2085e-03, -1.4453e-02, -1.2127e-02,
        -3.1643e-03,  8.8470e-04,  5.7519e-03,  1.2417e-02, -8.4244e-03,
        -9.4912e-04, -3.6247e-04, -5.2526e-03,  1.4443e-02, -8.1279e-03,
         4.5272e-04,  8.8167e-03,  7.4022e-03,  1.9649e-03,  1.3811e-02,
         9.9230e-04, -1.3942e-02, -1.2073e-02, -4.9117e-03,  9.1193e-03,
         1.2137e-02,  9.3722e-04,  8.3000e-03, -1.1083e-02, -1.2663e-02,
         1.1136e-02, -3.8261e-03, -9.8079e-04, -6.4460e-03,  6.6207e-03,
         1.1694e-02,  1.1813e-02, -6.9735e-03,  4.8272e-03,  1.8304e-03,
         1.0252e-02, -1.3196e-02, -2.1879e-03,  2.3311e-03, -3.3048e-05,
         2.2084e-03,  1.1778e-02,  6.1442e-03,  3.7583e-03,  8.6819e-03,
        -1.1017e-02,  1.2737e-02, -5.3989e-03, -9.3054e-03,  6.3626e-03,
         1.4083e-02,  3.0015e-03, -9.9503e-03,  6.3546e-03, -1.2397e-02,
         6.8087e-03,  1.2062e-02,  1.0509e-02,  3.0333e-03, -1.1687e-02,
        -3.1928e-03,  5.6466e-03, -4.5595e-03,  1.1365e-02, -1.9670e-03,
         7.5845e-03, -6.6592e-04, -2.0261e-03, -4.1918e-03, -4.9381e-03,
         1.0402e-02,  1.1022e-02,  1.3757e-02,  1.3863e-02, -1.2144e-02,
         9.5375e-03, -3.8415e-03, -9.3649e-03,  8.4936e-03,  6.8212e-03,
         2.2718e-03, -3.3694e-04,  1.2078e-03,  2.2383e-03,  7.1408e-03,
        -1.7515e-03, -1.4348e-02, -1.4011e-02, -1.0467e-03,  1.3726e-02,
        -9.8226e-03,  9.8366e-03, -6.2801e-03,  2.2630e-03, -9.3471e-03,
        -1.0736e-02,  1.9395e-03,  7.6499e-03,  4.4890e-03, -4.2812e-04,
        -5.1790e-03,  4.3583e-03,  3.8900e-03,  1.0871e-02,  1.0741e-02,
         9.0585e-03,  1.1324e-02, -1.2177e-02,  1.4524e-02,  1.2606e-02,
         6.6716e-03,  1.0859e-02,  8.2033e-03,  1.3473e-02,  4.3120e-03,
        -1.2658e-02, -9.4130e-03, -1.0099e-02, -1.4695e-02,  1.3631e-02,
         1.3142e-02,  8.1472e-03, -1.8493e-03, -1.6452e-03,  4.1157e-03,
         1.3923e-02, -1.4597e-02, -2.4472e-03,  5.4325e-03, -4.3626e-04,
        -2.4828e-03,  8.6412e-03, -4.9949e-03,  3.9779e-03, -9.0304e-03,
         4.4902e-03,  1.4919e-03,  3.3951e-03, -1.4706e-02,  9.8251e-03,
         7.9269e-03, -5.2083e-03,  8.0161e-03,  1.1157e-02,  1.4695e-02,
        -3.2030e-03,  1.1387e-02, -9.8901e-05, -1.4046e-02,  6.4339e-03,
        -1.2243e-02,  9.5333e-03, -1.0727e-02, -6.6945e-03,  9.9602e-03,
         1.4258e-02,  1.2104e-02, -6.5337e-03,  1.1782e-02,  4.9804e-03,
         1.2797e-02,  4.0816e-03,  5.9167e-03, -1.0242e-02,  8.1246e-03,
        -4.1383e-03,  9.3254e-03,  9.8901e-03, -1.7356e-03,  1.1406e-02,
        -4.2947e-03,  5.1539e-03,  5.3281e-03,  1.3356e-02,  4.4303e-03,
        -3.0538e-03, -1.1709e-02, -6.7104e-03,  8.9960e-03,  6.8627e-03,
        -1.1358e-02,  1.2108e-02, -4.1477e-03,  1.1997e-02,  2.7688e-03,
        -4.5535e-03,  7.4818e-03,  8.7616e-03,  2.1430e-03,  1.0655e-02,
         1.2792e-02,  1.8538e-04,  3.0621e-03, -2.8879e-03, -1.4912e-04,
        -1.1742e-02,  5.4952e-04,  1.2060e-03,  1.2549e-02, -1.7778e-03,
         1.4078e-02,  2.1666e-03, -8.5244e-03, -1.2417e-02, -3.6943e-03,
        -7.3700e-03,  9.3984e-03,  5.4123e-03,  1.0198e-03,  3.3082e-03,
        -8.1437e-03, -2.1802e-03, -8.2109e-03,  1.3133e-02, -3.8342e-03,
        -2.2537e-03,  7.5948e-04, -6.3087e-03,  1.3844e-02, -8.1635e-03,
        -1.1232e-02,  7.5548e-03, -5.1224e-03, -4.8678e-03, -9.3943e-04,
        -1.1129e-02, -4.8952e-03,  1.0605e-03, -4.8868e-03, -1.7219e-03,
        -6.1007e-03,  1.2120e-02,  8.3250e-03, -9.0131e-03, -1.0626e-02,
         1.2737e-02, -7.3818e-03], device='cuda:0', requires_grad=True)

conv_net.12.weight, torch.Size([512, 512, 3, 3]), # params: 2359296, Parameter containing:
tensor([[[[-5.4988e-03,  4.1650e-03, -1.2169e-02],
          [-7.6822e-04,  1.2222e-02, -9.7341e-03],
          [-1.1515e-02,  6.5993e-03, -1.1698e-02]],

         [[ 2.7915e-03, -1.0381e-02,  1.2601e-02],
          [-1.3063e-02,  1.1227e-02,  2.8516e-03],
          [ 1.2046e-02, -2.5525e-03,  8.2909e-04]],

         [[-2.8506e-03, -4.5753e-03,  1.9415e-03],
          [-2.7003e-03,  2.3833e-03, -1.6511e-05],
          [-4.7781e-03,  9.1392e-03, -2.4751e-03]],

         ...,

         [[ 8.8143e-03, -7.4976e-03, -6.6634e-03],
          [-1.1196e-02, -9.4547e-03, -1.0410e-02],
          [-8.5682e-03,  2.7495e-03, -5.6089e-03]],

         [[-2.0609e-03,  5.8595e-03,  3.0182e-03],
          [ 7.2961e-03,  1.6538e-03, -1.0002e-02],
          [ 9.1062e-03,  6.2789e-03, -9.3272e-03]],

         [[-1.2300e-02, -4.5880e-03, -6.2067e-03],
          [-1.6819e-03, -9.5292e-03,  1.2497e-02],
          [ 4.4071e-03,  4.2199e-03,  8.8629e-03]]],


        [[[-6.7174e-03,  1.1561e-02, -1.4491e-02],
          [-1.2621e-02,  9.0808e-03,  4.8336e-04],
          [-1.7766e-03, -9.9586e-03,  8.4486e-03]],

         [[-2.0498e-03, -2.3736e-03,  2.8167e-03],
          [-7.5908e-03,  1.0304e-03,  8.5883e-03],
          [-3.2447e-03,  1.2549e-02, -8.6937e-03]],

         [[-4.9878e-04,  7.1801e-03, -4.9977e-03],
          [ 9.0950e-03,  8.4235e-03, -9.0930e-03],
          [-7.1107e-03,  1.0944e-02,  7.9092e-03]],

         ...,

         [[-9.8860e-03,  4.4449e-03, -1.4362e-02],
          [ 5.2934e-03, -3.8418e-03, -7.0541e-03],
          [-3.4070e-04, -5.0418e-03,  2.6728e-03]],

         [[ 3.6499e-03,  8.1418e-03,  1.4401e-02],
          [ 1.1214e-02,  1.4124e-02, -2.5711e-03],
          [-6.9687e-03,  7.2264e-03, -1.1334e-02]],

         [[ 1.3581e-02,  4.4127e-03, -3.8863e-03],
          [ 4.2100e-03,  6.0688e-05, -2.7659e-03],
          [-2.7053e-03,  5.7370e-03, -9.4792e-03]]],


        [[[ 2.5567e-03, -1.4497e-02, -2.6466e-03],
          [-6.4090e-04, -9.6836e-03,  1.1579e-03],
          [ 1.2336e-02, -1.0624e-03, -6.0609e-03]],

         [[ 6.8043e-03, -1.0093e-02, -1.1988e-02],
          [-6.2048e-03,  1.2362e-02,  7.3344e-03],
          [ 1.1381e-02, -1.0704e-02, -3.9422e-04]],

         [[ 7.0182e-03,  4.8697e-03, -4.9599e-03],
          [ 4.9341e-04,  1.3828e-02, -8.2199e-03],
          [ 8.3928e-03,  5.4510e-03,  3.2266e-03]],

         ...,

         [[ 9.5402e-03,  5.0245e-04,  1.1710e-02],
          [ 1.0645e-02,  6.8209e-04, -9.4601e-04],
          [ 1.3271e-02, -1.1933e-02, -9.0987e-03]],

         [[-1.7428e-03, -2.6169e-03, -8.2374e-03],
          [-3.2890e-03,  2.8262e-03, -6.0868e-03],
          [ 1.7200e-03,  1.1047e-02,  3.7761e-03]],

         [[-1.1444e-02,  6.3272e-03,  2.3574e-03],
          [ 1.0220e-02,  1.4103e-03,  1.4239e-02],
          [ 4.5492e-03,  1.1455e-02,  9.5090e-03]]],


        ...,


        [[[ 3.9689e-03, -9.5468e-03,  3.5664e-03],
          [ 1.0387e-02,  1.2918e-02, -1.3802e-02],
          [ 9.8746e-03, -6.8919e-03,  8.0931e-04]],

         [[-4.9855e-03,  1.3506e-02,  2.7343e-03],
          [-1.0187e-02, -8.8600e-03, -1.1041e-02],
          [ 1.0366e-02, -4.6275e-04, -7.8966e-04]],

         [[ 1.0963e-02,  1.0773e-02,  1.2235e-02],
          [-1.2879e-02, -8.4337e-03,  5.1530e-03],
          [-6.8155e-03, -9.1334e-03, -1.5706e-03]],

         ...,

         [[ 7.2061e-03,  4.5177e-03, -3.6477e-04],
          [ 1.7274e-03,  1.2495e-02,  4.7561e-03],
          [ 5.3573e-03, -7.5298e-03, -1.3329e-02]],

         [[ 4.4664e-03,  2.8007e-03,  1.0726e-02],
          [-1.0166e-03, -6.8988e-04, -1.9836e-04],
          [-9.3814e-03,  1.4640e-02,  1.0653e-02]],

         [[-3.5963e-03, -1.4097e-02,  1.1407e-02],
          [ 8.0704e-03,  5.2772e-03, -1.0810e-02],
          [-1.5356e-03, -5.0319e-03, -1.0292e-02]]],


        [[[ 1.1083e-02, -1.1763e-02, -3.2061e-04],
          [-2.5617e-03, -7.4830e-03, -1.2911e-02],
          [ 5.1211e-04,  1.2315e-03,  1.0054e-02]],

         [[ 8.6142e-03, -7.2412e-03,  1.0700e-02],
          [-5.3816e-03,  8.0208e-04,  1.0097e-02],
          [-5.6311e-03, -1.6285e-03,  6.0365e-03]],

         [[-1.2390e-02, -6.7081e-03, -1.2872e-02],
          [ 3.0201e-03, -1.9074e-04,  7.3294e-03],
          [ 4.7550e-03,  9.5055e-03,  9.1797e-03]],

         ...,

         [[ 3.9876e-03, -7.2891e-03, -9.3846e-03],
          [ 1.1212e-02,  7.1458e-03,  4.6232e-03],
          [-9.5350e-04, -1.1816e-02,  8.9684e-03]],

         [[-1.0863e-02, -7.1182e-03,  1.2929e-02],
          [ 1.3488e-03, -6.3882e-05, -1.2693e-02],
          [-9.5620e-03,  2.5319e-03,  1.0705e-03]],

         [[ 9.6580e-03, -1.6519e-03,  5.4385e-04],
          [-3.7512e-03, -5.3710e-03, -8.8556e-03],
          [ 3.8874e-03, -7.0328e-03, -8.0692e-03]]],


        [[[ 9.1896e-03,  8.6900e-03,  8.4850e-03],
          [-6.7573e-03,  1.1839e-02,  1.6655e-03],
          [-1.6913e-03, -5.5679e-03, -1.3875e-02]],

         [[ 1.3285e-02, -1.0128e-02,  7.8664e-03],
          [ 2.7242e-03,  1.0233e-02,  1.0624e-03],
          [-4.0001e-03, -4.4070e-03, -1.1823e-02]],

         [[ 4.9556e-03,  1.0632e-02,  1.3047e-02],
          [-1.1791e-02,  1.2156e-02,  1.4695e-02],
          [-8.4461e-03,  6.7393e-03,  1.1027e-02]],

         ...,

         [[ 8.1797e-03, -7.5126e-03,  1.1275e-02],
          [ 1.0954e-04,  9.5811e-03,  6.7488e-03],
          [ 1.4139e-02, -9.9577e-03, -8.9171e-03]],

         [[-1.3844e-02, -1.4089e-02,  1.3262e-03],
          [-1.1905e-02, -8.8222e-03,  1.0181e-02],
          [ 1.3838e-02,  7.6445e-03,  3.2170e-03]],

         [[-1.3047e-02, -1.9824e-03,  4.4420e-03],
          [-1.1224e-02, -8.9389e-03,  1.1502e-02],
          [ 1.2425e-02,  8.9502e-03,  3.5696e-03]]]], device='cuda:0',
       requires_grad=True)

conv_net.12.bias, torch.Size([512]), # params: 512, Parameter containing:
tensor([-7.6663e-04, -8.5565e-03, -2.3182e-03,  9.1095e-03, -4.7998e-03,
         1.4011e-02, -2.2324e-03, -7.6700e-03,  4.9797e-03,  7.1719e-03,
         1.0380e-03, -8.2105e-03,  5.6267e-03, -2.1022e-03, -6.1611e-03,
         1.2180e-02,  2.8037e-03,  9.4494e-03,  1.4568e-02, -8.2726e-03,
         4.7756e-03,  1.0943e-02,  1.1145e-02,  6.5479e-03,  1.0305e-02,
        -1.1017e-02,  8.3157e-03,  2.2401e-03,  5.1008e-03,  9.1692e-04,
         1.1071e-02,  9.9893e-05, -2.2285e-03, -4.4712e-03, -8.7277e-03,
        -9.1067e-03,  1.3705e-02, -1.2247e-02, -1.5137e-03,  1.4656e-02,
         2.3912e-03,  1.1010e-02, -1.3100e-02,  1.0342e-02, -9.2258e-03,
         2.7860e-03,  5.4699e-03, -9.0051e-03, -5.6693e-03,  1.2407e-02,
        -1.3295e-02,  2.6378e-03, -3.2868e-03,  1.6824e-03,  6.4378e-03,
        -1.5277e-03, -4.9566e-03, -8.8221e-03, -3.1320e-03,  1.0820e-02,
        -1.3520e-02,  1.0698e-02, -7.7502e-03,  1.0253e-02, -2.9186e-03,
         2.6351e-03,  8.1930e-03, -1.1454e-02, -8.0695e-03, -1.5480e-03,
         7.5540e-03,  6.5919e-03, -9.5374e-03, -1.1682e-02,  3.7587e-03,
         1.0078e-02,  5.6880e-03, -1.1941e-02, -8.7016e-03,  6.4238e-04,
         1.1518e-02,  1.5010e-03,  2.6097e-03,  3.8671e-03,  1.1686e-02,
         1.2573e-02,  1.0852e-02,  2.5662e-03, -7.6687e-03, -4.1834e-04,
        -6.3308e-03,  1.3235e-03,  6.4102e-03, -4.4607e-03, -3.7395e-03,
         8.1446e-03,  1.2411e-02,  1.0974e-03, -1.1722e-02,  6.4325e-03,
        -8.5756e-03,  6.1705e-04, -9.7164e-04,  6.7847e-03,  6.7953e-03,
         1.1088e-02,  1.1040e-02, -5.3644e-03,  1.0296e-02, -2.8401e-03,
        -1.0944e-02,  7.1356e-03,  1.4077e-03, -1.2063e-03,  6.9911e-03,
        -1.3563e-02, -1.2712e-02,  8.7919e-03,  8.0528e-03, -1.0553e-03,
        -8.4381e-03, -4.7379e-03,  1.0031e-02, -1.1992e-02, -1.2300e-02,
        -6.8329e-05,  1.8287e-04, -1.3181e-02, -4.9257e-03, -1.5168e-03,
         3.4815e-03, -5.8684e-03,  3.0904e-03,  1.3800e-02,  3.9944e-03,
         1.1286e-02,  6.0413e-03, -6.7488e-03, -1.2214e-02,  2.6810e-03,
         6.9925e-03, -1.0479e-02, -5.9016e-03, -1.2453e-02,  5.9006e-03,
         7.0728e-03, -1.1232e-02,  4.4413e-03,  7.2014e-04,  1.0437e-02,
         1.2205e-02, -5.0594e-03, -5.8862e-03,  1.4454e-02, -2.1451e-03,
        -8.0975e-03, -1.2083e-02,  4.4905e-03,  8.6256e-04,  8.1843e-03,
         1.3905e-02, -7.8689e-03, -6.8679e-03, -4.0346e-03, -1.3316e-02,
         3.5987e-03,  1.3992e-02,  3.4933e-03,  1.0232e-02, -8.8277e-03,
         5.0210e-03,  7.3226e-03,  4.0155e-03, -1.4702e-02,  1.2392e-03,
         2.7921e-03,  2.2643e-03, -6.6441e-04,  1.8694e-03,  1.6374e-03,
        -5.1075e-03,  1.1864e-02, -7.1313e-03, -1.2543e-03, -1.8994e-03,
         9.7982e-03,  1.1778e-02, -1.0888e-03,  3.7546e-03, -1.0181e-03,
         5.3905e-03,  1.2319e-02,  5.4697e-03, -1.2087e-02, -1.0203e-03,
         2.5227e-03,  7.9341e-03,  1.1786e-02,  5.0127e-03, -1.3762e-02,
         3.5331e-03,  6.8678e-04,  1.3962e-02,  4.2109e-03,  6.9731e-03,
        -1.2151e-02, -4.1369e-04,  1.1582e-02,  3.8188e-03,  7.3418e-03,
        -4.3020e-03,  8.3960e-03, -1.0476e-02,  1.2165e-02,  5.5061e-03,
         1.1715e-02,  1.2756e-02,  2.5003e-03, -1.3927e-02, -3.4614e-03,
        -3.8390e-03,  1.3303e-02, -9.2777e-03,  1.8305e-03,  2.9985e-03,
        -8.3889e-03,  5.9837e-03, -4.0733e-03,  7.9288e-03,  1.0340e-02,
        -9.1502e-03, -5.5186e-04,  3.6239e-03, -1.2161e-02,  1.2896e-02,
         7.4134e-03,  4.9838e-03,  6.1531e-03, -8.8483e-03,  2.8589e-03,
         1.2021e-02,  7.2782e-03, -1.2212e-02,  1.3406e-02, -3.5927e-03,
         2.5755e-04,  2.4992e-03, -3.3753e-03, -2.1974e-03,  8.0991e-03,
        -6.1910e-03, -7.2982e-03, -9.3471e-03, -1.8824e-04, -7.9513e-03,
        -4.0371e-03,  7.9190e-04, -5.8460e-03,  5.4277e-03, -3.1690e-03,
        -1.8515e-03, -3.2953e-03,  1.9440e-03,  1.2855e-02, -1.3869e-02,
        -3.2848e-03,  1.6605e-03,  1.1386e-02,  3.4242e-03, -4.1560e-03,
         1.3724e-03, -7.5976e-03,  1.3076e-02,  3.3835e-03,  1.4726e-02,
        -3.7412e-03, -6.4715e-03,  7.1694e-03, -5.3982e-04,  9.4550e-03,
        -1.0187e-02,  1.3048e-02,  1.0542e-02,  1.2340e-02, -4.0508e-03,
        -1.3604e-02, -1.0589e-02, -1.1027e-02,  9.6684e-03, -1.0074e-02,
        -1.1178e-02,  1.1302e-03, -1.2155e-02, -1.3235e-02,  1.2446e-03,
         1.1190e-02, -8.4036e-03, -4.5391e-03, -1.2420e-02, -1.3411e-02,
         1.2718e-02,  7.5734e-04,  2.9085e-03,  3.8308e-03, -4.5771e-03,
        -1.0518e-02,  1.1284e-02, -5.2137e-03,  1.2154e-02, -1.0918e-02,
         1.1188e-03, -1.9876e-03, -4.2301e-04, -1.0692e-02,  9.6268e-03,
         4.5025e-05,  8.9865e-03,  6.1653e-04, -7.9632e-03,  7.0885e-03,
        -1.0448e-02, -6.3816e-03,  1.2161e-02,  1.4545e-02, -1.0472e-02,
         7.1894e-03, -7.0652e-03,  9.2209e-03, -1.0989e-02, -7.1123e-03,
         5.5897e-03, -8.2312e-04,  4.8614e-03,  7.9847e-03,  1.4261e-02,
         2.5919e-03,  8.5383e-03,  1.1742e-04,  1.7880e-03, -1.1183e-02,
         6.6678e-03, -6.4458e-03,  1.9985e-03,  2.4454e-03,  1.1373e-02,
         2.3191e-03, -1.8633e-03, -1.2154e-03, -5.6352e-03,  2.7447e-03,
         1.8604e-03, -1.1569e-02, -1.0498e-02,  1.3599e-03, -6.3880e-03,
        -2.3731e-03, -1.0371e-02, -3.2093e-03,  5.0798e-03,  3.1884e-03,
        -6.8275e-03, -1.4679e-02,  7.4371e-04,  1.3734e-02, -2.8769e-03,
         1.0099e-02,  8.9432e-03,  3.8979e-03, -1.1687e-03,  1.0895e-02,
        -1.2318e-02, -1.0055e-02,  6.5225e-03,  9.0599e-03,  7.0094e-03,
         1.2787e-02, -9.3860e-03,  6.8390e-05,  1.0076e-02,  9.2369e-03,
        -4.5313e-03, -1.0748e-02,  7.7850e-03, -9.8330e-03, -1.3890e-02,
         1.2786e-02,  1.0665e-02,  2.3956e-03,  1.2256e-02, -8.5538e-03,
        -3.9262e-03,  8.3094e-03,  1.3012e-02, -8.3080e-04, -1.3259e-02,
         9.2989e-03,  9.8749e-03,  7.9025e-03,  7.2835e-03, -5.0431e-03,
        -5.7222e-03, -1.1193e-02,  1.1650e-02,  8.0775e-03,  7.7298e-03,
         1.5295e-03, -6.8684e-03,  3.1157e-03, -1.0267e-02,  8.3231e-03,
         1.5675e-03, -1.2045e-02,  4.3473e-03,  4.7645e-03,  1.5344e-03,
         7.3932e-03,  2.5429e-03,  8.3771e-04,  1.3271e-02,  1.4362e-02,
         2.1408e-03,  6.7811e-03,  1.2783e-02,  5.9825e-03,  1.6023e-03,
        -7.7199e-03, -1.3960e-02, -9.9959e-03,  1.2546e-02,  3.9528e-03,
         5.7723e-03, -1.0866e-02,  3.2997e-03, -1.0945e-02,  3.7596e-03,
        -3.0977e-03, -4.9299e-03,  5.2835e-03, -2.1602e-03, -9.3555e-03,
        -1.2001e-02,  7.1963e-03,  1.3058e-02, -6.9232e-03, -1.3777e-02,
         1.3363e-02,  7.4178e-03, -6.2904e-03, -1.4546e-02, -1.0089e-02,
        -6.3387e-03,  8.0374e-03, -1.5632e-03, -3.1557e-03, -1.4392e-02,
        -7.8658e-04, -3.6002e-03, -1.0561e-02,  4.1309e-03, -4.2214e-03,
         4.2298e-03,  4.4948e-03, -7.0833e-04, -8.0388e-03, -6.6706e-03,
        -9.5312e-03,  1.1539e-02, -4.0008e-04, -2.4164e-03,  4.9839e-03,
        -9.5159e-03, -7.7290e-03, -7.7578e-03,  5.0723e-03,  7.3116e-03,
         1.1042e-02,  7.2665e-04, -9.7481e-03, -1.3119e-02, -5.5563e-03,
        -6.4375e-03,  8.8205e-03, -6.8868e-03,  1.3700e-02, -5.0685e-03,
        -1.0172e-02,  1.4381e-02,  1.1928e-02, -1.0100e-02,  5.2064e-03,
         7.8469e-03, -2.5241e-03, -1.4462e-02,  1.3364e-02,  3.8891e-03,
         1.2354e-02, -4.1331e-03,  1.2073e-02,  2.9834e-03,  8.1872e-04,
        -8.0389e-03,  1.3002e-02,  1.2251e-02, -8.5085e-03, -4.8150e-03,
        -1.2615e-02, -5.7250e-03,  4.2567e-03,  1.2721e-02, -4.9791e-03,
        -5.0121e-04, -1.0000e-02], device='cuda:0', requires_grad=True)

conv_net.16.weight, torch.Size([10, 512]), # params: 5120, Parameter containing:
tensor([[-4.2966e-04, -1.2276e-03,  8.1804e-04,  ...,  1.9733e-03,
         -3.1178e-04, -3.2857e-04],
        [ 1.4608e-05, -3.4529e-04, -3.3551e-04,  ..., -3.1660e-04,
         -1.2915e-03,  1.9374e-03],
        [-3.3518e-04,  4.1952e-04, -1.0343e-03,  ..., -3.4053e-04,
          2.5050e-05, -8.5955e-04],
        ...,
        [-1.0008e-03, -9.5839e-05,  1.4828e-03,  ...,  2.4109e-03,
          6.6705e-04, -6.0293e-04],
        [-8.1402e-04,  3.8224e-04,  9.5848e-05,  ..., -4.6950e-04,
          1.4866e-03,  7.2419e-05],
        [-1.4154e-03, -1.0454e-04, -1.0389e-03,  ...,  6.1885e-04,
         -5.6434e-04, -5.5486e-04]], device='cuda:0', requires_grad=True)

conv_net.16.bias, torch.Size([10]), # params: 10, Parameter containing:
tensor([0., 0., 0., 0., 0., 0., 0., 0., 0., 0.], device='cuda:0',
       requires_grad=True)

Total # params: 7678474

conv_net[0].weight shape: torch.Size([128, 3, 3, 3])
Epoch [1/20], Step [100/245], Loss: 1.8537
Epoch [1/20], Step [200/245], Loss: 1.4480
Validataion accuracy is: 49.7 %
Epoch [2/20], Step [100/245], Loss: 1.1948
Epoch [2/20], Step [200/245], Loss: 1.1751
Validataion accuracy is: 60.2 %
Epoch [3/20], Step [100/245], Loss: 1.0610
Epoch [3/20], Step [200/245], Loss: 0.9436
Validataion accuracy is: 66.9 %
Epoch [4/20], Step [100/245], Loss: 0.8358
Epoch [4/20], Step [200/245], Loss: 0.9018
Validataion accuracy is: 70.5 %
Epoch [5/20], Step [100/245], Loss: 0.7668
Epoch [5/20], Step [200/245], Loss: 0.7731
Validataion accuracy is: 73.8 %
Epoch [6/20], Step [100/245], Loss: 0.7122
Epoch [6/20], Step [200/245], Loss: 0.6502
Validataion accuracy is: 75.7 %
Epoch [7/20], Step [100/245], Loss: 0.6968
Epoch [7/20], Step [200/245], Loss: 0.5308
Validataion accuracy is: 75.9 %
Epoch [8/20], Step [100/245], Loss: 0.6493
Epoch [8/20], Step [200/245], Loss: 0.5582
Validataion accuracy is: 76.2 %
Epoch [9/20], Step [100/245], Loss: 0.4735
Epoch [9/20], Step [200/245], Loss: 0.5672
Validataion accuracy is: 77.5 %
Epoch [10/20], Step [100/245], Loss: 0.4989
Epoch [10/20], Step [200/245], Loss: 0.5776
Validataion accuracy is: 79.3 %
Epoch [11/20], Step [100/245], Loss: 0.5313
Epoch [11/20], Step [200/245], Loss: 0.4042
Validataion accuracy is: 77.8 %
Epoch [12/20], Step [100/245], Loss: 0.3682
Epoch [12/20], Step [200/245], Loss: 0.2804
Validataion accuracy is: 78.0 %
Epoch [13/20], Step [100/245], Loss: 0.4717
Epoch [13/20], Step [200/245], Loss: 0.5337
Validataion accuracy is: 78.4 %
Epoch [14/20], Step [100/245], Loss: 0.3669
Epoch [14/20], Step [200/245], Loss: 0.4197
Validataion accuracy is: 79.5 %
Epoch [15/20], Step [100/245], Loss: 0.2639
Epoch [15/20], Step [200/245], Loss: 0.2447
Validataion accuracy is: 80.5 %
Epoch [16/20], Step [100/245], Loss: 0.2587
Epoch [16/20], Step [200/245], Loss: 0.2181
Validataion accuracy is: 80.4 %
Epoch [17/20], Step [100/245], Loss: 0.2297
Epoch [17/20], Step [200/245], Loss: 0.3544
Validataion accuracy is: 80.7 %
Epoch [18/20], Step [100/245], Loss: 0.2259
Epoch [18/20], Step [200/245], Loss: 0.2582
Validataion accuracy is: 80.1 %
Epoch [19/20], Step [100/245], Loss: 0.2744
Epoch [19/20], Step [200/245], Loss: 0.1908
Validataion accuracy is: 79.9 %
Epoch [20/20], Step [100/245], Loss: 0.1921
Epoch [20/20], Step [200/245], Loss: 0.1420
Validataion accuracy is: 79.4 %
Accuracy of the network on the 1000 test images: 78.8 %
conv_net[0].weight shape: torch.Size([128, 3, 3, 3])

