Using device: cuda
CL-Arguments: Namespace(augment=0, disp=False, dropout=None, e_stop=False, epoch=20, jitter=0.2, norm=False)
hidden sizes: [128, 512, 512, 512, 512, 512]
ConvNet(
  (conv_net): Sequential(
    (0): Conv2d(3, 128, kernel_size=(3, 3), stride=(1, 1), padding=(1, 1))
    (1): MaxPool2d(kernel_size=2, stride=2, padding=0, dilation=1, ceil_mode=False)
    (2): ReLU()
    (3): Conv2d(128, 512, kernel_size=(3, 3), stride=(1, 1), padding=(1, 1))
    (4): MaxPool2d(kernel_size=2, stride=2, padding=0, dilation=1, ceil_mode=False)
    (5): ReLU()
    (6): Conv2d(512, 512, kernel_size=(3, 3), stride=(1, 1), padding=(1, 1))
    (7): MaxPool2d(kernel_size=2, stride=2, padding=0, dilation=1, ceil_mode=False)
    (8): ReLU()
    (9): Conv2d(512, 512, kernel_size=(3, 3), stride=(1, 1), padding=(1, 1))
    (10): MaxPool2d(kernel_size=2, stride=2, padding=0, dilation=1, ceil_mode=False)
    (11): ReLU()
    (12): Conv2d(512, 512, kernel_size=(3, 3), stride=(1, 1), padding=(1, 1))
    (13): MaxPool2d(kernel_size=2, stride=2, padding=0, dilation=1, ceil_mode=False)
    (14): ReLU()
    (15): Flatten(start_dim=1, end_dim=-1)
    (16): Linear(in_features=512, out_features=10, bias=True)
  )
)
conv_net.0.weight, torch.Size([128, 3, 3, 3]), # params: 3456, Parameter containing:
tensor([[[[-0.0035,  0.1127, -0.0168],
          [-0.0508,  0.0935, -0.1421],
          [-0.1422,  0.0389,  0.0202]],

         [[ 0.1367,  0.1694, -0.1746],
          [-0.0790, -0.1886,  0.0813],
          [-0.1219,  0.0788,  0.0112]],

         [[ 0.0904,  0.1240, -0.0157],
          [ 0.1583,  0.1798, -0.1586],
          [-0.1324,  0.1271,  0.1038]]],


        [[[-0.0084,  0.1375, -0.1221],
          [ 0.0541,  0.0754,  0.1883],
          [ 0.0962, -0.1645,  0.0861]],

         [[-0.1442,  0.1562,  0.0350],
          [-0.0633, -0.0873,  0.0173],
          [-0.0283,  0.1414, -0.1356]],

         [[-0.0572,  0.1838,  0.1769],
          [ 0.0147,  0.1492,  0.1923],
          [-0.0803,  0.1276,  0.0422]]],


        [[[-0.1078,  0.1283, -0.1631],
          [ 0.0828,  0.0718,  0.1885],
          [-0.0261,  0.1253, -0.1711]],

         [[-0.1217, -0.1532,  0.0958],
          [ 0.0849,  0.1814, -0.1838],
          [-0.1590, -0.1682,  0.1478]],

         [[ 0.1521, -0.1059, -0.0225],
          [-0.0273,  0.1176,  0.0312],
          [ 0.0301, -0.1015,  0.1181]]],


        ...,


        [[[ 0.0335, -0.0061,  0.0732],
          [ 0.1241, -0.0900, -0.0713],
          [ 0.1555, -0.0659, -0.0488]],

         [[ 0.1316, -0.1409, -0.1404],
          [-0.1500,  0.0560,  0.0341],
          [ 0.0352, -0.0049,  0.1366]],

         [[ 0.0128,  0.0198, -0.1431],
          [ 0.1202,  0.0418,  0.1241],
          [-0.1443, -0.1074, -0.0661]]],


        [[[-0.0194,  0.0642,  0.1889],
          [ 0.0263,  0.0425, -0.0209],
          [-0.0170,  0.0423,  0.1485]],

         [[-0.1520, -0.1088, -0.1263],
          [ 0.1387,  0.0236, -0.0463],
          [ 0.1758, -0.1122, -0.1566]],

         [[ 0.1529, -0.0557,  0.0207],
          [-0.0503,  0.1470, -0.0041],
          [ 0.0583,  0.1309,  0.1081]]],


        [[[-0.1557,  0.0488, -0.1067],
          [ 0.0787, -0.0323,  0.1820],
          [ 0.0259,  0.1551,  0.0247]],

         [[ 0.0285, -0.1146, -0.0035],
          [-0.1317,  0.0807,  0.0762],
          [ 0.1339, -0.1734,  0.0004]],

         [[-0.1420,  0.0562,  0.0855],
          [-0.0999, -0.1720, -0.0183],
          [ 0.0339,  0.1117, -0.1827]]]], device='cuda:0', requires_grad=True)

conv_net.0.bias, torch.Size([128]), # params: 128, Parameter containing:
tensor([-0.0674, -0.0487, -0.0589,  0.0383,  0.1890, -0.1788,  0.1356, -0.0572,
        -0.1440,  0.0053,  0.0377, -0.0893, -0.0775, -0.0393,  0.1108,  0.0412,
         0.0637,  0.1017, -0.1500, -0.1633, -0.0411, -0.1024, -0.1914,  0.1087,
        -0.1557,  0.0178, -0.0475, -0.1574, -0.1507, -0.1260,  0.1428, -0.0491,
        -0.0519,  0.0509, -0.1095, -0.0695, -0.1805,  0.0558,  0.1412, -0.0175,
         0.0447, -0.1593,  0.1522,  0.1015,  0.0461, -0.0289,  0.1753, -0.1858,
         0.0369,  0.0239,  0.1278, -0.1577, -0.1704,  0.1882,  0.1000,  0.1169,
         0.0095,  0.0164, -0.0607, -0.0171,  0.1113,  0.0940, -0.1019,  0.0282,
         0.1110, -0.0015, -0.1528, -0.1321,  0.1108,  0.1613, -0.1697,  0.1370,
         0.1042, -0.1459, -0.1071,  0.0265,  0.1915,  0.0611,  0.0677,  0.0155,
        -0.0369,  0.0409,  0.0462, -0.1240, -0.1250, -0.1479,  0.0263, -0.0943,
         0.0216,  0.1816, -0.1859, -0.0947, -0.0748,  0.0217,  0.0772, -0.0495,
         0.0294,  0.0193, -0.0031, -0.0725, -0.1083,  0.0666, -0.0987,  0.1769,
        -0.1877, -0.1015, -0.1302, -0.1552, -0.0198,  0.1451, -0.0765,  0.0627,
        -0.1916, -0.1041,  0.1859,  0.1456,  0.0951, -0.1724, -0.0723,  0.1875,
        -0.0303,  0.0255, -0.0322, -0.0737, -0.1903,  0.1461, -0.1643,  0.1364],
       device='cuda:0', requires_grad=True)

conv_net.3.weight, torch.Size([512, 128, 3, 3]), # params: 589824, Parameter containing:
tensor([[[[-0.0201, -0.0038, -0.0119],
          [-0.0068, -0.0219, -0.0275],
          [ 0.0257,  0.0022, -0.0154]],

         [[-0.0050, -0.0175,  0.0277],
          [-0.0024, -0.0238, -0.0288],
          [-0.0162,  0.0066,  0.0183]],

         [[ 0.0210,  0.0154,  0.0282],
          [ 0.0056,  0.0020,  0.0070],
          [ 0.0004, -0.0137, -0.0277]],

         ...,

         [[-0.0058,  0.0130,  0.0158],
          [-0.0046, -0.0004, -0.0062],
          [-0.0175,  0.0227, -0.0005]],

         [[ 0.0274, -0.0255, -0.0250],
          [ 0.0265, -0.0168,  0.0151],
          [ 0.0209,  0.0247, -0.0151]],

         [[-0.0248,  0.0181,  0.0158],
          [ 0.0287, -0.0099, -0.0222],
          [-0.0073, -0.0205,  0.0013]]],


        [[[ 0.0236,  0.0143,  0.0097],
          [ 0.0108,  0.0018,  0.0130],
          [-0.0188,  0.0120,  0.0122]],

         [[ 0.0172,  0.0278, -0.0121],
          [ 0.0210,  0.0279,  0.0030],
          [ 0.0106,  0.0202,  0.0033]],

         [[-0.0002,  0.0115,  0.0229],
          [ 0.0266, -0.0126,  0.0057],
          [ 0.0210,  0.0221,  0.0230]],

         ...,

         [[-0.0027,  0.0167, -0.0075],
          [ 0.0202,  0.0010, -0.0284],
          [ 0.0061,  0.0061,  0.0084]],

         [[ 0.0064, -0.0046,  0.0029],
          [-0.0184,  0.0244,  0.0093],
          [ 0.0193,  0.0294,  0.0241]],

         [[ 0.0154,  0.0114, -0.0136],
          [ 0.0079,  0.0041, -0.0173],
          [-0.0217,  0.0223, -0.0063]]],


        [[[-0.0220, -0.0280, -0.0094],
          [-0.0211, -0.0114,  0.0015],
          [-0.0077,  0.0222, -0.0132]],

         [[ 0.0132, -0.0283, -0.0070],
          [-0.0187, -0.0139,  0.0045],
          [-0.0087,  0.0238,  0.0046]],

         [[ 0.0192,  0.0041,  0.0260],
          [-0.0117,  0.0128, -0.0248],
          [ 0.0280,  0.0025, -0.0205]],

         ...,

         [[ 0.0222, -0.0180,  0.0244],
          [-0.0118,  0.0279,  0.0193],
          [ 0.0131,  0.0223,  0.0072]],

         [[ 0.0054, -0.0204, -0.0085],
          [ 0.0213,  0.0035,  0.0209],
          [ 0.0256, -0.0208,  0.0210]],

         [[ 0.0098, -0.0068,  0.0061],
          [ 0.0102,  0.0253, -0.0221],
          [ 0.0037, -0.0056, -0.0034]]],


        ...,


        [[[-0.0153,  0.0286, -0.0279],
          [-0.0029, -0.0164,  0.0113],
          [ 0.0152, -0.0292, -0.0044]],

         [[-0.0075,  0.0067,  0.0099],
          [ 0.0167,  0.0117,  0.0286],
          [ 0.0216, -0.0063, -0.0286]],

         [[ 0.0044, -0.0054, -0.0059],
          [ 0.0018,  0.0020, -0.0185],
          [-0.0028, -0.0111,  0.0198]],

         ...,

         [[ 0.0111,  0.0015,  0.0100],
          [ 0.0138,  0.0217,  0.0286],
          [ 0.0284, -0.0225, -0.0083]],

         [[ 0.0088, -0.0125, -0.0011],
          [-0.0031,  0.0264,  0.0152],
          [ 0.0228,  0.0136,  0.0212]],

         [[-0.0146,  0.0154, -0.0266],
          [-0.0089,  0.0072, -0.0204],
          [-0.0198,  0.0237,  0.0047]]],


        [[[-0.0028,  0.0191, -0.0189],
          [ 0.0266, -0.0228,  0.0276],
          [ 0.0029,  0.0210, -0.0053]],

         [[-0.0018,  0.0191, -0.0062],
          [-0.0156, -0.0173,  0.0258],
          [ 0.0251, -0.0115,  0.0187]],

         [[-0.0103, -0.0185, -0.0097],
          [ 0.0219, -0.0288,  0.0227],
          [-0.0046,  0.0129,  0.0184]],

         ...,

         [[ 0.0161, -0.0147, -0.0002],
          [ 0.0100,  0.0048,  0.0147],
          [ 0.0146,  0.0085,  0.0197]],

         [[ 0.0175,  0.0087, -0.0047],
          [-0.0104, -0.0231,  0.0158],
          [-0.0266,  0.0147,  0.0134]],

         [[-0.0077,  0.0193, -0.0122],
          [-0.0133, -0.0114, -0.0127],
          [-0.0015, -0.0062, -0.0277]]],


        [[[-0.0097, -0.0142, -0.0097],
          [-0.0204,  0.0066,  0.0096],
          [-0.0008, -0.0032, -0.0250]],

         [[ 0.0105,  0.0177,  0.0182],
          [ 0.0106,  0.0062,  0.0165],
          [ 0.0050, -0.0098, -0.0172]],

         [[-0.0195,  0.0115,  0.0156],
          [ 0.0009, -0.0183,  0.0187],
          [-0.0215,  0.0119,  0.0294]],

         ...,

         [[-0.0075, -0.0131,  0.0237],
          [ 0.0247,  0.0004, -0.0191],
          [-0.0141,  0.0151,  0.0061]],

         [[-0.0089, -0.0213, -0.0088],
          [ 0.0120,  0.0214,  0.0071],
          [-0.0047,  0.0226,  0.0268]],

         [[ 0.0114,  0.0132,  0.0198],
          [-0.0049, -0.0126, -0.0121],
          [-0.0090,  0.0261,  0.0048]]]], device='cuda:0', requires_grad=True)

conv_net.3.bias, torch.Size([512]), # params: 512, Parameter containing:
tensor([ 2.3652e-02, -2.4566e-02, -2.1251e-02, -1.5191e-02, -2.2245e-02,
         1.1455e-02, -2.5807e-02, -2.8683e-03, -2.0600e-02,  3.6747e-03,
        -1.1427e-02,  2.6317e-02,  3.9664e-03,  7.8157e-03,  2.5387e-02,
         2.7601e-02,  1.2204e-02,  2.6495e-02,  6.0754e-03,  2.5817e-02,
         1.4252e-02,  1.1223e-03, -1.9060e-02, -1.9080e-03, -1.6838e-02,
         1.1350e-02, -1.1112e-02, -1.8052e-02,  2.3000e-02, -1.8829e-02,
        -8.1039e-04, -4.4980e-03,  8.6410e-03, -8.4574e-03, -1.9993e-02,
        -4.6007e-03, -1.3399e-02, -1.5848e-02, -1.1934e-02,  4.4863e-03,
        -2.4543e-02, -1.5771e-02,  2.5689e-02,  2.5727e-02,  8.5097e-03,
         1.7191e-02, -1.1922e-02, -2.6428e-03, -2.1888e-02, -2.6752e-02,
         2.2924e-02,  1.1596e-03, -1.5738e-02, -1.5835e-02,  2.5382e-02,
        -1.8431e-02,  2.3559e-02,  7.5199e-03, -8.4975e-03,  2.2406e-02,
        -2.0868e-02,  1.7685e-02,  2.3727e-02,  1.7386e-02,  2.7831e-02,
         1.8389e-02, -2.5747e-02, -1.2896e-02, -1.0293e-02,  1.6646e-02,
         2.0514e-02,  2.5886e-02, -8.8375e-03, -1.1936e-02,  2.7606e-02,
         6.2072e-03,  2.0411e-02,  2.2760e-02, -2.8287e-02,  6.1151e-03,
        -1.3805e-02, -7.4493e-03,  1.3808e-02,  2.8691e-02, -1.1459e-02,
         1.5160e-02, -2.1525e-02,  2.7350e-02,  3.1687e-04,  1.2302e-02,
         8.7296e-03,  2.6989e-02,  4.4678e-04, -9.6915e-03,  1.6741e-02,
         7.0713e-03,  1.2753e-03, -1.6663e-02, -1.6760e-02, -5.9604e-03,
        -8.9012e-03,  8.2043e-04, -1.6235e-02,  1.5114e-02,  1.2789e-03,
         2.0745e-02,  1.3717e-02,  2.2862e-03, -5.5412e-03,  2.2539e-02,
         2.2957e-02,  8.8828e-03,  2.2402e-02,  1.3301e-02, -2.1669e-02,
        -1.1782e-02,  6.4347e-03, -1.1994e-02, -2.4312e-03, -1.4177e-02,
        -5.3129e-03,  8.4229e-03,  5.1980e-03,  2.0679e-02,  5.4034e-03,
        -2.4290e-02,  2.5377e-02, -2.3053e-02, -3.0892e-03,  1.4429e-02,
         2.1505e-02, -1.2035e-02,  1.2848e-02, -1.2168e-02,  8.3401e-03,
         9.3261e-03, -2.7527e-02, -2.1541e-02, -3.0524e-03,  6.3007e-03,
         3.2274e-03, -1.3966e-02,  2.9141e-02, -2.7610e-02,  2.2072e-02,
        -2.1980e-02, -7.2295e-03,  2.3109e-02, -2.3556e-02, -1.5921e-02,
         1.7681e-02,  6.8109e-05,  2.7129e-02, -1.0222e-02,  2.1605e-02,
         1.2214e-03, -1.2812e-02,  2.9098e-02,  6.7849e-03, -2.1632e-02,
         4.4494e-03, -2.8768e-02, -3.0557e-03, -1.8491e-02,  2.6745e-02,
        -9.9160e-03, -1.8193e-02, -2.2123e-03, -7.7756e-04,  1.8908e-02,
        -1.4965e-02, -5.4880e-03, -5.1251e-03,  1.3804e-02,  1.8895e-02,
         1.5797e-03, -4.9066e-03, -2.8232e-02, -1.2962e-02, -2.5806e-02,
         1.7000e-02, -2.0142e-02,  1.4445e-02, -2.8068e-02,  5.9483e-03,
        -2.5536e-02, -6.0608e-03,  2.1998e-02, -2.0430e-02,  1.8779e-02,
        -4.0860e-03,  2.4435e-02,  2.1894e-02,  2.1981e-02, -1.6459e-02,
        -2.2177e-02,  1.2260e-02, -2.7326e-02,  2.3465e-02,  7.5275e-03,
        -7.7919e-03,  1.3265e-02,  7.2684e-03, -2.1663e-02,  2.5229e-02,
         9.5804e-04,  1.3612e-02, -1.9045e-02, -1.0611e-02, -1.3600e-02,
         9.1206e-03, -2.2068e-02, -2.2729e-02,  2.7859e-02, -2.1523e-02,
        -2.0905e-02, -8.3888e-03,  1.3893e-02, -2.9890e-03,  8.1415e-03,
        -2.9448e-04, -3.8758e-03, -6.5146e-03,  2.7959e-02, -2.5128e-02,
         1.4366e-02,  3.8804e-03, -2.7509e-02,  2.7290e-02, -7.2553e-03,
        -9.2646e-03,  1.6459e-02, -2.5245e-02,  2.6921e-02,  8.1559e-03,
         1.0055e-02,  4.8263e-03, -2.2670e-02,  1.2745e-02,  5.7142e-03,
         9.2664e-03, -1.4854e-02, -1.7912e-02, -2.2056e-02,  5.6261e-03,
         1.6597e-02,  7.1934e-04,  2.4578e-02, -1.4721e-02, -1.9661e-02,
         1.7693e-02,  2.1370e-03, -3.0888e-03,  2.7581e-02, -2.4586e-02,
        -2.7651e-03, -1.3459e-02,  6.5494e-04,  1.0251e-02,  8.4136e-03,
        -9.0196e-03,  2.6121e-02,  1.3915e-02, -1.5941e-02, -1.8220e-02,
        -2.1567e-02, -7.7758e-04, -2.3666e-02,  8.5031e-06, -2.7692e-02,
         1.1971e-02, -1.1162e-02,  2.0121e-02,  5.6717e-03, -4.3658e-03,
         1.0529e-02, -2.3582e-02,  3.2604e-05, -2.8833e-02,  2.5464e-02,
        -1.3424e-02,  2.1609e-02,  2.8832e-03, -2.1972e-02, -2.4191e-02,
        -1.0009e-02, -1.1745e-02,  5.8289e-03, -5.6919e-03,  2.3003e-02,
        -1.5786e-02, -2.9295e-03, -1.6207e-02, -6.3012e-03,  8.7472e-03,
        -6.8095e-03,  2.0881e-02,  1.7491e-02,  4.7679e-03,  2.1250e-03,
         5.2648e-03,  1.4304e-02, -1.3269e-02, -2.7866e-02,  7.8965e-03,
        -2.2944e-02, -1.2918e-03,  1.4626e-02, -1.4450e-02, -1.9901e-02,
         1.5068e-02,  2.6407e-02,  1.0669e-03,  1.7298e-03, -1.5116e-02,
         2.7183e-02, -2.4267e-02,  7.6820e-03, -1.0666e-02, -1.1727e-02,
        -2.3907e-02,  1.6580e-02, -1.3265e-02, -2.5585e-02,  1.7575e-02,
        -2.0061e-02,  2.4837e-02,  1.2635e-03, -2.5601e-02, -8.9235e-03,
         2.6106e-02,  1.3421e-02,  2.8186e-02, -3.8347e-03,  1.4304e-02,
        -2.6591e-03, -2.8054e-02, -2.7297e-02, -1.0254e-02,  2.7908e-03,
         2.9435e-02, -1.6551e-02, -4.0630e-05,  2.6582e-02,  1.3956e-02,
         1.4826e-02,  1.7562e-02,  2.3292e-03,  2.7123e-02, -1.4763e-02,
         9.0038e-03, -2.8204e-02, -2.1521e-02, -9.4815e-03, -1.1098e-02,
        -1.9002e-03,  2.4670e-02,  2.4789e-02, -6.4812e-03, -8.4490e-03,
        -3.7387e-03, -1.3759e-02, -1.4136e-02,  3.0353e-03,  1.8244e-02,
         2.9136e-02, -9.4379e-03,  2.4918e-02, -2.2415e-02,  1.6848e-02,
        -2.0027e-03, -4.4474e-03,  1.4176e-02, -4.8358e-04,  8.9803e-03,
         2.5555e-02,  2.6205e-02,  1.8541e-03, -1.6051e-02, -1.7622e-02,
         3.1226e-03,  1.6633e-02,  2.2985e-02, -2.0413e-02, -1.5152e-02,
        -7.4617e-04,  1.6887e-02,  2.2346e-02,  1.4382e-02, -5.2464e-03,
        -7.7830e-03, -1.7049e-02,  3.5877e-03,  2.4824e-02,  1.8535e-02,
         2.2638e-02,  2.3064e-02, -6.6878e-03,  1.0368e-02, -1.6049e-02,
        -2.2831e-02, -2.5284e-02, -1.9532e-02, -1.4414e-03, -1.4178e-02,
        -5.1730e-03,  2.2519e-02, -2.3289e-02, -2.1882e-03,  2.4894e-02,
         2.5558e-02, -1.9227e-02, -6.3988e-03,  2.7882e-02, -1.9879e-02,
         1.7781e-02,  1.1622e-02, -2.1212e-02, -2.3598e-02, -2.3443e-02,
         7.0856e-03,  2.9542e-03,  5.1633e-03, -2.5614e-02,  2.5243e-02,
         1.0801e-02,  1.4524e-02, -5.2209e-03, -1.3944e-03, -1.9766e-02,
         2.9197e-03, -1.2104e-04,  2.2186e-02,  4.6615e-03, -2.1553e-02,
         7.8114e-03, -1.2366e-02,  2.1962e-02,  8.6167e-03, -1.4967e-03,
        -1.8412e-02,  2.6712e-02, -1.1644e-02, -2.3035e-02, -3.3671e-03,
         1.5436e-02,  2.1401e-02,  1.0922e-02, -1.6051e-02, -1.0073e-02,
         1.0682e-02,  1.9959e-02, -2.0775e-02, -6.8480e-03,  1.6884e-02,
        -1.4090e-02, -2.7223e-02, -7.0929e-03,  2.7386e-03, -6.3162e-03,
         4.3280e-03,  2.0885e-02,  1.8762e-02, -2.2238e-02,  2.4413e-02,
        -4.7732e-03,  2.6767e-03,  1.1078e-02,  2.6642e-02, -2.5447e-02,
         6.4099e-03,  2.9296e-02,  1.7890e-02, -1.2095e-02,  2.1041e-02,
        -2.1531e-02,  6.9063e-03, -4.3692e-03, -1.7815e-02, -1.6898e-02,
        -2.0018e-02,  1.1873e-02,  3.1049e-04,  5.1127e-03, -2.9171e-02,
         2.5946e-02,  1.3102e-02,  1.6973e-02,  3.6643e-03, -2.4182e-02,
         1.6454e-02,  2.0743e-02, -1.1504e-02, -1.7832e-02,  1.7703e-02,
         2.0784e-02,  2.5978e-02,  7.6542e-03, -2.2111e-02,  2.8792e-02,
        -1.0709e-02, -1.0739e-03,  1.6034e-02,  2.7698e-02,  1.2174e-02,
         1.7941e-03, -1.3944e-03,  1.0340e-02, -1.6589e-02,  2.0045e-02,
         1.4169e-02,  2.2943e-02], device='cuda:0', requires_grad=True)

conv_net.6.weight, torch.Size([512, 512, 3, 3]), # params: 2359296, Parameter containing:
tensor([[[[ 1.3375e-03,  4.2679e-03, -1.3924e-02],
          [ 4.8591e-03, -4.6587e-03,  1.1830e-02],
          [ 1.1366e-02,  3.1716e-03, -1.1094e-02]],

         [[ 9.5869e-04, -1.3633e-02, -1.0160e-02],
          [-1.0948e-02,  7.3836e-03,  6.8491e-03],
          [-3.3391e-03, -5.4096e-03, -8.0992e-03]],

         [[ 7.4579e-03,  6.7068e-04, -5.9699e-03],
          [-1.1785e-02, -4.5906e-03,  1.2657e-02],
          [-2.3872e-03, -7.9163e-03,  1.3818e-02]],

         ...,

         [[ 3.3470e-03,  1.4719e-02,  3.4501e-03],
          [-1.1032e-02,  4.6990e-03,  6.6810e-03],
          [-6.8757e-03, -1.1576e-02, -7.4545e-03]],

         [[ 1.5813e-03,  1.2752e-02, -2.7693e-03],
          [-7.7999e-03,  8.4167e-03,  5.6056e-04],
          [-9.2047e-03, -2.1515e-04,  3.8749e-05]],

         [[-5.6362e-03,  1.6162e-03,  5.1140e-03],
          [ 1.8887e-03,  4.4857e-03,  8.6045e-03],
          [ 1.2678e-02, -1.1763e-02,  8.4292e-03]]],


        [[[-2.4229e-03, -6.6410e-03,  7.3938e-03],
          [-1.2636e-02, -5.8595e-04, -8.0664e-03],
          [-3.0150e-03,  6.3875e-03, -6.4930e-03]],

         [[ 1.3213e-03, -3.9070e-03,  2.7241e-03],
          [ 9.5887e-03,  8.9739e-03,  6.6137e-04],
          [-3.9069e-03, -2.9197e-03,  2.7967e-03]],

         [[-1.2578e-02,  2.1845e-03, -4.5419e-03],
          [ 9.5390e-03, -5.6266e-03, -9.0386e-03],
          [-1.1427e-04,  1.0922e-03,  8.1328e-03]],

         ...,

         [[-1.0438e-02,  5.1226e-03,  1.1569e-02],
          [ 1.1896e-03, -1.1407e-02,  9.5020e-03],
          [-3.2197e-03, -7.9568e-03, -8.6743e-03]],

         [[ 4.9377e-03, -9.8075e-03,  1.1186e-02],
          [-9.4967e-04, -8.5062e-03, -8.1620e-03],
          [ 6.5833e-03,  1.2386e-03,  3.2242e-03]],

         [[-1.8455e-04,  1.1415e-02, -4.4492e-03],
          [-8.6896e-04,  3.8849e-03, -2.2278e-03],
          [ 2.1257e-03, -5.3305e-03,  8.0274e-03]]],


        [[[ 1.4584e-03, -2.2392e-03,  5.2889e-04],
          [ 1.4354e-02, -2.0617e-03, -6.6553e-03],
          [-7.7307e-03, -1.0110e-02,  8.5483e-03]],

         [[ 1.0742e-02,  1.1190e-02, -3.9256e-03],
          [-1.3314e-02,  3.1847e-03,  1.2010e-02],
          [ 8.6140e-03,  7.3603e-03,  5.5380e-03]],

         [[ 7.2908e-03, -2.9620e-03, -1.1421e-02],
          [ 2.3331e-03, -6.3023e-04, -6.3737e-03],
          [ 1.0865e-02, -7.8681e-03,  1.1248e-02]],

         ...,

         [[-3.5488e-03,  2.6134e-03,  7.0739e-03],
          [-7.0927e-03, -1.2474e-02, -1.3274e-02],
          [ 1.8041e-03, -4.8168e-03, -8.6800e-03]],

         [[-8.9726e-03, -9.0585e-03, -1.3088e-02],
          [ 4.2846e-03,  3.4590e-03, -1.4513e-02],
          [ 4.6412e-03,  1.1570e-02, -6.3306e-03]],

         [[ 7.5159e-03,  5.1445e-05,  7.8346e-03],
          [-4.3106e-03,  1.1215e-03,  8.5364e-03],
          [-8.4276e-03, -6.2155e-03,  1.4179e-02]]],


        ...,


        [[[-8.7684e-03, -1.3566e-02,  1.8661e-03],
          [-2.3973e-03, -8.8404e-03, -5.0078e-03],
          [ 5.7883e-03, -8.5768e-03, -2.9019e-03]],

         [[-9.0893e-03, -6.0510e-03, -3.4531e-04],
          [ 1.3160e-03, -3.6840e-03,  1.3629e-02],
          [-4.7663e-03, -1.2092e-02, -9.3386e-03]],

         [[-6.7517e-03, -7.1855e-03, -1.1004e-02],
          [ 5.4513e-04, -1.3451e-02,  1.3406e-02],
          [-7.7273e-03, -1.0507e-02,  1.4261e-02]],

         ...,

         [[ 1.6225e-03, -7.2715e-03, -7.7468e-03],
          [-1.0292e-03, -6.9167e-03, -3.0800e-03],
          [ 2.2917e-05,  8.8045e-04, -5.2729e-03]],

         [[ 3.5759e-03,  1.3537e-02, -1.2489e-02],
          [ 6.9379e-03, -1.2923e-02, -1.2198e-02],
          [ 3.0643e-03, -3.2775e-03, -1.4213e-02]],

         [[ 1.1762e-02,  9.2321e-03,  5.3811e-03],
          [ 7.3819e-03, -2.2012e-03,  1.4694e-02],
          [-4.8979e-03,  1.3492e-02,  5.1053e-03]]],


        [[[ 4.8256e-03,  7.0684e-03, -5.4550e-03],
          [ 8.5415e-03,  1.2218e-02,  1.0918e-03],
          [-1.5191e-03,  1.1154e-02,  1.4379e-03]],

         [[-1.4632e-03, -9.4906e-03, -1.2563e-02],
          [ 1.1346e-02, -1.1002e-02,  4.7782e-03],
          [-1.3484e-02,  1.4490e-02, -7.0825e-03]],

         [[ 1.0903e-02, -1.1205e-03, -1.3287e-03],
          [-8.0114e-03, -1.1886e-02,  6.4111e-03],
          [-2.3163e-03,  1.2997e-02, -3.0184e-03]],

         ...,

         [[-2.3824e-03, -1.3777e-02, -4.6476e-03],
          [-1.3674e-02,  3.3985e-03,  3.1270e-03],
          [-9.8841e-03, -6.7156e-03,  1.2445e-02]],

         [[-8.7408e-03, -1.0047e-02,  5.5677e-03],
          [-1.2517e-02, -1.2958e-02,  7.8762e-03],
          [-6.4217e-03, -8.8376e-03, -2.7412e-03]],

         [[ 1.1334e-02,  7.4453e-03,  5.7038e-03],
          [-1.6182e-03,  3.3658e-03,  1.3273e-03],
          [ 2.9826e-05,  1.2357e-02,  8.2412e-03]]],


        [[[-7.7792e-03, -3.1577e-04, -1.0417e-02],
          [ 1.0604e-02,  6.6222e-04,  2.3352e-04],
          [-9.6311e-03, -5.3962e-03, -6.6398e-03]],

         [[ 8.6163e-03, -2.4799e-03,  9.4748e-03],
          [-1.2931e-02, -7.8428e-03, -3.4698e-04],
          [ 1.1094e-02,  1.0434e-02, -5.9591e-03]],

         [[-1.2004e-02, -1.9867e-03, -4.6340e-03],
          [ 1.1775e-02,  4.3210e-03,  1.1304e-02],
          [ 3.3906e-03, -8.9219e-03,  8.0760e-03]],

         ...,

         [[-1.0107e-02, -9.5308e-05, -1.1742e-02],
          [ 6.6943e-03, -1.0302e-02, -9.2029e-03],
          [-1.0238e-02, -1.0914e-02,  4.8003e-03]],

         [[ 2.0104e-03,  3.6944e-03, -7.4463e-03],
          [ 1.2432e-02, -2.7568e-03,  1.4399e-02],
          [ 3.6268e-04, -1.1468e-02, -6.9638e-03]],

         [[-1.4464e-02,  1.1998e-02, -3.6125e-03],
          [ 3.6851e-03, -1.4105e-02, -2.6298e-03],
          [ 1.1342e-02, -6.7635e-03,  8.8742e-03]]]], device='cuda:0',
       requires_grad=True)

conv_net.6.bias, torch.Size([512]), # params: 512, Parameter containing:
tensor([-1.3426e-02,  1.3237e-02, -3.1472e-03,  8.5363e-03, -1.0029e-02,
        -6.0798e-03, -8.8080e-03, -1.0488e-02, -6.4508e-03,  9.8961e-03,
         1.4695e-02, -1.2526e-02, -3.1367e-04, -1.1981e-02, -3.1370e-04,
         7.3090e-03, -5.6191e-03, -1.0662e-02,  7.5729e-03,  3.8136e-04,
         1.2537e-02,  1.1616e-02, -1.3053e-02, -5.0008e-03, -1.0322e-02,
         1.4487e-02,  7.5463e-04,  1.3982e-03, -1.2958e-02, -6.2741e-03,
        -1.3175e-02, -1.3088e-02,  3.6102e-03, -1.2755e-02,  8.9192e-03,
         5.0883e-03,  3.2194e-04,  6.8029e-03,  9.1297e-03,  8.9209e-03,
         2.2265e-03, -8.5308e-03,  1.1924e-02, -9.4197e-03, -7.5287e-03,
        -3.0052e-03, -6.1817e-03, -9.2658e-03,  1.1623e-02,  2.4534e-03,
        -6.0269e-03,  4.3620e-03,  1.1969e-02,  1.6846e-03, -5.9613e-04,
        -8.7623e-03, -5.0699e-03, -1.3672e-02, -1.2237e-02,  8.9711e-03,
         8.4089e-03,  1.1469e-03, -5.9788e-03, -1.1860e-02,  1.1208e-02,
        -5.5131e-03,  8.9404e-05, -9.3820e-03,  1.1549e-02, -7.1494e-04,
        -2.6365e-03, -4.5909e-03,  1.1523e-04, -1.3798e-02, -1.2913e-02,
        -2.6680e-03,  8.5990e-03,  1.1974e-02,  1.0997e-02, -1.0538e-02,
         1.1412e-02, -6.1501e-03, -7.5503e-03,  1.2291e-02, -8.2999e-03,
         5.0414e-03,  3.5240e-03, -9.5653e-03,  6.3118e-03,  1.1159e-02,
         7.1085e-03,  1.4666e-02,  4.0535e-04, -5.0761e-03, -1.4482e-02,
        -5.3936e-03, -1.1800e-02,  1.2266e-02,  1.2539e-02,  5.1572e-03,
         3.9544e-03, -6.9566e-03,  5.2902e-03, -5.3555e-03, -1.3781e-02,
         9.5196e-03, -3.4990e-03, -8.9733e-04,  6.2503e-03,  5.6777e-03,
         1.0796e-02,  1.1398e-02, -1.0827e-03, -1.0755e-02, -7.1880e-03,
         6.8871e-03,  3.2003e-03, -2.7264e-03, -1.3294e-02,  9.6970e-03,
        -1.0063e-02,  1.1813e-03, -5.4622e-03, -9.8196e-03,  9.8016e-03,
        -6.7353e-04,  1.3082e-02,  8.8570e-03,  8.7560e-03, -3.3385e-03,
        -7.1959e-03,  1.0361e-02,  1.2519e-02, -9.9955e-04,  1.0956e-02,
        -1.0478e-02, -1.3656e-02, -4.4973e-04,  1.4456e-02,  7.9247e-03,
        -1.3675e-02, -1.1633e-03,  1.2358e-02,  1.1865e-03,  1.2400e-02,
         4.1807e-03, -6.5616e-03,  7.3211e-03,  7.5531e-03, -1.1839e-02,
         6.3613e-03,  5.7237e-03,  1.2781e-02,  4.0358e-03,  2.9641e-03,
        -1.2128e-02,  1.4461e-02, -8.8701e-03,  1.0756e-02,  1.1612e-02,
        -1.2839e-02, -1.1162e-02, -1.1674e-02, -1.0676e-02, -7.5138e-03,
         8.7699e-03,  7.9580e-03, -8.7697e-03, -1.1825e-02, -2.5632e-03,
        -5.8655e-04, -1.4609e-02,  4.6455e-03, -4.6801e-03, -1.0286e-02,
        -4.2877e-04, -1.4341e-02, -1.3666e-02,  5.8103e-04,  1.0810e-02,
        -9.3473e-04,  7.9896e-03, -1.0374e-02,  4.3643e-03, -1.1746e-02,
         4.4328e-04, -6.5576e-03, -3.7973e-03, -4.4836e-03,  3.4455e-03,
         1.1915e-03, -9.0633e-03, -1.1323e-02, -1.1462e-02, -1.4365e-02,
         3.3589e-03,  7.2280e-03, -1.6975e-03,  6.3482e-03, -1.3474e-02,
        -3.2455e-03,  1.3361e-02, -1.0205e-02,  1.2717e-02,  6.8142e-03,
         6.1686e-03,  9.4390e-04, -3.2300e-03,  9.5472e-03,  1.4137e-02,
         2.4996e-03,  1.4366e-02, -8.6150e-04, -1.0590e-02,  3.4660e-03,
        -7.2145e-03, -1.2562e-02,  5.1245e-03,  6.8982e-03, -4.3212e-03,
         1.1052e-03, -1.3917e-02,  1.0528e-02, -4.3543e-03, -6.2149e-03,
         1.2053e-02,  7.4199e-03,  5.7909e-03,  3.8878e-03, -1.1689e-02,
        -5.6908e-03,  1.0330e-02, -1.1880e-02,  1.0827e-02,  1.5635e-04,
         1.5083e-03, -2.5488e-03, -2.6002e-04,  6.3267e-03,  4.3214e-03,
        -9.6857e-03, -5.9122e-03, -4.4609e-03,  3.5558e-05, -4.1946e-03,
         8.3854e-04, -1.2938e-02, -1.0151e-02, -1.0306e-03,  1.3511e-02,
        -4.8759e-03, -9.9569e-03, -1.1078e-02, -6.0424e-03, -5.2239e-04,
         1.3399e-02, -9.2927e-03,  1.3643e-02, -6.1141e-03,  7.1613e-03,
        -7.8770e-04, -4.8713e-03, -7.2137e-03, -6.3841e-03,  1.3755e-02,
        -2.1869e-04, -6.0983e-03,  5.0774e-03,  9.5057e-04,  9.3596e-03,
         1.4488e-02, -1.1807e-02, -1.3817e-02, -9.0799e-03, -1.3283e-02,
        -1.4571e-02,  1.3428e-02,  4.5622e-03,  8.3381e-04,  9.3852e-03,
        -1.3006e-02, -3.7841e-03, -8.4526e-03, -9.9390e-03,  1.4467e-02,
        -1.4326e-02, -6.5708e-03, -2.0873e-03,  7.3265e-03, -3.3011e-03,
        -4.7186e-03,  1.2717e-02, -8.4100e-03,  3.4623e-03,  1.3864e-02,
        -8.4895e-03, -9.7034e-03, -9.0412e-03,  1.0314e-03,  9.2201e-03,
         1.2904e-02,  1.4170e-02,  7.9265e-03,  1.0255e-03, -8.1151e-03,
        -1.0933e-02,  7.9775e-03, -7.4399e-03,  1.3121e-02, -4.6727e-03,
         1.2917e-02, -2.6833e-03, -1.0115e-03,  3.7469e-03, -1.0516e-02,
         1.4350e-02, -1.8457e-03, -6.1315e-03, -1.4579e-02, -6.3487e-03,
         1.4259e-02,  4.4033e-03,  1.0928e-02, -7.6537e-03,  9.1607e-03,
        -8.8926e-03,  7.9874e-03,  1.3611e-02, -1.0263e-02, -1.4386e-02,
        -9.3293e-03,  1.0571e-02,  8.1266e-03,  1.1967e-02,  7.3709e-03,
         1.2044e-02, -1.0810e-02, -4.8882e-03, -8.8666e-03,  6.0080e-03,
        -3.5519e-04,  4.8704e-04,  3.7649e-03,  7.5024e-03,  1.0475e-02,
        -6.9966e-03,  5.3879e-04,  5.4119e-03,  5.7117e-03,  3.8901e-03,
         1.2550e-02, -1.1403e-03, -1.8535e-03, -8.3451e-03,  1.5731e-03,
         1.2436e-02, -1.2199e-02, -1.2993e-02,  5.8430e-03, -9.0598e-03,
         9.0618e-03,  8.9221e-03,  1.3479e-02,  1.5337e-03, -1.3674e-03,
        -1.0376e-03, -5.4459e-03, -3.1532e-03, -1.2778e-02,  7.7652e-03,
         1.1402e-02, -1.4375e-02,  7.5148e-03, -2.7839e-03,  1.2143e-02,
        -1.1513e-02, -3.0437e-03,  1.2560e-02,  1.2675e-02,  7.8727e-03,
        -9.4058e-03, -1.0740e-02,  2.6998e-03,  6.8202e-03,  9.6289e-03,
         1.1369e-03, -7.6254e-05, -8.2440e-03, -1.2317e-02, -5.4257e-03,
         5.6748e-04,  3.5199e-03,  1.0508e-03,  1.3418e-02,  6.9477e-03,
        -9.6646e-03, -8.2242e-03,  1.3248e-02, -3.0765e-03, -8.2180e-03,
        -1.2994e-02,  1.3225e-02,  2.3058e-03,  3.9891e-03,  3.4311e-03,
        -4.7343e-03,  1.9148e-03,  1.1822e-02,  6.3916e-03,  5.7561e-03,
         8.9976e-03,  8.3984e-03,  7.9260e-04,  1.3434e-02,  9.6019e-03,
         2.2500e-03,  3.0244e-03,  1.3516e-02,  1.0290e-02, -2.4580e-03,
         9.9980e-03, -7.6026e-03, -6.7114e-03,  7.4337e-04, -9.4758e-03,
         4.0872e-03, -1.0473e-02, -1.1156e-03, -6.6736e-03,  1.0030e-02,
         4.4761e-04, -1.4415e-02, -7.3856e-04, -1.0108e-03, -8.8301e-03,
        -6.1640e-03,  1.4290e-02, -6.8148e-04, -2.4006e-04, -1.3417e-02,
         1.4471e-02,  2.5179e-03,  1.3549e-02, -1.1040e-02,  4.1350e-03,
        -9.2698e-03, -7.1349e-03, -1.2746e-02, -1.0383e-02,  2.2945e-03,
        -1.2087e-02,  1.5022e-03, -5.7002e-05,  7.8153e-04,  1.8142e-03,
         4.4641e-03,  4.1589e-03,  3.6341e-03,  1.1616e-02,  7.0534e-03,
        -1.6340e-03,  1.0129e-03,  9.1867e-03,  1.1957e-02,  9.0455e-03,
         9.3642e-03,  8.9611e-04, -6.2479e-03, -8.4406e-03, -9.3176e-03,
        -1.8249e-03, -6.1806e-03,  1.0365e-02, -9.6359e-03, -5.7152e-03,
         1.4390e-02,  8.8970e-03,  1.3326e-02,  1.2573e-02,  6.4559e-03,
         1.2018e-02,  1.2334e-02,  9.6962e-03, -1.3494e-02,  4.3761e-03,
        -1.6980e-03,  6.1286e-03,  6.6229e-03, -1.1082e-02,  7.2609e-04,
        -1.4639e-02, -1.1143e-02, -1.2223e-02,  1.1493e-02,  4.8648e-03,
        -4.0753e-03,  1.0397e-02, -1.4088e-02, -1.1454e-02, -5.3157e-03,
         4.7369e-03, -1.1255e-02,  8.2501e-03, -6.5599e-04,  4.8597e-03,
         4.5168e-03, -3.8828e-03, -1.0806e-02, -1.0782e-02,  9.9310e-03,
        -6.3165e-04,  4.9278e-03], device='cuda:0', requires_grad=True)

conv_net.9.weight, torch.Size([512, 512, 3, 3]), # params: 2359296, Parameter containing:
tensor([[[[ 8.4798e-03, -1.3215e-02, -5.4365e-04],
          [-8.0740e-03, -1.1815e-02, -1.1590e-02],
          [-5.7591e-04,  3.1117e-03, -9.6342e-03]],

         [[-6.4431e-04,  1.0068e-02,  6.5183e-03],
          [-5.4179e-03,  7.4056e-03,  6.8125e-03],
          [ 1.5415e-03, -5.1072e-03, -5.1872e-03]],

         [[ 4.5506e-03, -1.3690e-02,  4.3022e-03],
          [ 3.8019e-03,  1.2416e-02,  1.4307e-02],
          [ 6.9430e-03, -1.2015e-02, -6.0363e-03]],

         ...,

         [[ 6.7689e-03, -7.2581e-03, -2.1261e-03],
          [ 1.2546e-02, -4.0903e-03, -2.2610e-03],
          [-7.0493e-03, -5.0839e-03,  4.1645e-03]],

         [[ 2.5709e-03, -5.1846e-03, -8.0472e-03],
          [-6.3076e-03,  5.3758e-04, -6.0876e-03],
          [ 1.0700e-02, -9.0857e-03, -1.3038e-04]],

         [[-1.1271e-03,  3.2050e-03,  1.6280e-03],
          [ 7.7667e-03, -1.1444e-02, -7.1766e-03],
          [ 1.0096e-02, -5.0387e-03,  6.9341e-03]]],


        [[[-1.4517e-02,  1.4458e-02, -8.7408e-03],
          [-3.2288e-03, -5.3816e-04,  3.6661e-03],
          [-5.9660e-03, -2.2150e-03, -5.2171e-03]],

         [[ 9.7545e-03, -4.3484e-03, -1.4394e-02],
          [ 1.3779e-02, -4.2239e-03,  1.3161e-02],
          [-2.1820e-03,  3.1663e-03,  7.1658e-03]],

         [[-1.3024e-02,  9.0801e-03, -6.0026e-03],
          [-1.4046e-02,  1.1182e-02,  3.0681e-03],
          [ 5.2841e-03, -7.5498e-03, -1.4354e-02]],

         ...,

         [[ 3.9233e-03,  1.2143e-02, -1.0466e-02],
          [-1.0133e-02, -2.8345e-03, -1.0871e-02],
          [-7.4341e-03,  1.3958e-02, -1.4049e-02]],

         [[-6.4520e-03,  1.4558e-02,  4.7301e-03],
          [ 6.4217e-03,  1.0683e-02,  7.7623e-04],
          [ 9.2348e-03, -1.3240e-02,  6.6557e-03]],

         [[ 4.3996e-03,  1.4390e-03, -3.3096e-03],
          [-1.3429e-02, -2.4411e-03,  1.3628e-02],
          [ 1.3605e-02,  2.0450e-03, -8.0352e-03]]],


        [[[ 9.2459e-03,  6.5032e-03,  1.6847e-03],
          [-1.2283e-02,  8.5908e-03,  5.0750e-05],
          [-1.2428e-02, -3.4211e-03,  7.1172e-03]],

         [[ 1.2089e-02,  4.0698e-03,  1.4365e-02],
          [-1.3585e-03,  1.2048e-02,  7.6649e-03],
          [-3.4593e-03,  1.8742e-03, -2.9764e-03]],

         [[ 9.2378e-03,  1.3590e-02,  5.8389e-03],
          [ 1.2390e-02, -7.2812e-05, -1.4301e-02],
          [ 1.0078e-02,  1.0863e-02, -7.2629e-03]],

         ...,

         [[-8.8726e-03, -1.2604e-02,  2.7214e-03],
          [ 9.5278e-03,  6.2422e-03,  2.9619e-03],
          [-1.3472e-02,  1.4710e-02,  1.1905e-02]],

         [[-1.0753e-02,  8.1566e-03,  3.9912e-03],
          [ 4.3521e-03,  2.6407e-04, -9.4560e-03],
          [-5.9319e-04,  4.0850e-03, -6.9098e-03]],

         [[ 1.4587e-02,  9.4112e-03, -5.4992e-03],
          [-1.3024e-03,  2.4024e-03,  4.8862e-03],
          [ 3.0919e-03, -1.3344e-02,  8.3497e-03]]],


        ...,


        [[[ 9.6778e-03, -1.0630e-02,  5.6456e-03],
          [ 8.0761e-03,  1.3188e-02, -1.6842e-03],
          [ 9.4939e-04, -1.0147e-02,  1.1352e-03]],

         [[ 7.4417e-03,  4.1411e-03, -8.3219e-03],
          [ 3.8524e-03,  9.8378e-03,  9.0666e-03],
          [-1.5620e-03, -1.1796e-02,  3.4504e-03]],

         [[-7.5119e-03,  8.3583e-03, -1.4566e-02],
          [ 7.4127e-03, -2.1372e-03, -7.4082e-04],
          [-1.2646e-02,  2.1085e-03, -6.5751e-03]],

         ...,

         [[-1.2870e-02, -2.2660e-03, -8.5893e-03],
          [ 1.4666e-02, -1.4179e-02,  4.7012e-03],
          [ 9.8355e-03,  6.2494e-03, -1.2011e-02]],

         [[ 7.2067e-03, -2.5354e-03,  7.7375e-06],
          [ 6.9785e-03,  1.3475e-02,  7.1949e-03],
          [-3.8564e-03,  4.8197e-03, -1.2878e-02]],

         [[-8.1658e-03,  1.0503e-02,  1.3927e-02],
          [-1.2487e-02,  1.7384e-03, -1.0965e-02],
          [ 5.7976e-04,  8.0954e-03, -1.4541e-02]]],


        [[[ 1.9786e-03,  1.3366e-02, -1.2211e-02],
          [ 4.6654e-03, -1.3286e-02, -1.0026e-02],
          [ 1.2543e-02,  5.0928e-03, -4.0201e-03]],

         [[-3.9419e-03,  1.1614e-02, -8.4829e-03],
          [ 1.1527e-02,  1.0009e-02,  1.4470e-02],
          [-2.7168e-03,  8.9703e-03,  2.9809e-03]],

         [[ 1.2033e-02, -5.1353e-03, -1.2985e-02],
          [-6.6494e-04,  8.2076e-05,  1.4335e-02],
          [-1.1777e-02, -6.6366e-03, -9.1118e-03]],

         ...,

         [[-1.7686e-04,  8.8481e-03,  5.0203e-03],
          [ 9.4943e-03, -9.3780e-03,  1.8278e-03],
          [-1.4287e-02, -6.3812e-03, -1.1807e-02]],

         [[ 2.4797e-03, -8.3455e-03, -1.7887e-03],
          [ 9.1908e-04, -9.0863e-03, -1.0958e-03],
          [-9.0682e-03, -1.4434e-02, -1.2840e-02]],

         [[ 2.2710e-03,  6.9071e-03,  1.0489e-02],
          [ 4.7076e-03, -3.7594e-03,  2.2055e-03],
          [-9.6278e-03, -8.0763e-03, -9.1011e-03]]],


        [[[ 1.4157e-03, -3.5378e-03, -4.9471e-04],
          [ 1.1600e-02, -1.4012e-02, -1.0711e-02],
          [ 4.5186e-04, -2.6326e-03,  1.4108e-02]],

         [[-5.5769e-03,  5.1770e-03,  2.2590e-03],
          [ 4.3159e-03, -4.7565e-03,  1.0173e-02],
          [-1.2637e-02,  1.4856e-03,  5.4106e-03]],

         [[-1.3133e-02, -1.1624e-02,  1.3292e-02],
          [-3.7242e-03,  1.0523e-02, -6.0384e-03],
          [ 5.7017e-03, -1.2784e-02, -9.8217e-03]],

         ...,

         [[-8.4920e-03, -8.9368e-03, -4.2294e-03],
          [-2.0294e-03, -7.2219e-03, -6.1660e-04],
          [-1.0745e-02, -7.5732e-03, -1.0703e-02]],

         [[ 1.1960e-02, -8.8812e-03,  2.0435e-03],
          [ 1.2941e-02,  3.6309e-03, -1.3216e-02],
          [ 1.4348e-02,  4.7400e-03, -6.1351e-03]],

         [[ 1.2192e-02,  8.3273e-03,  4.2169e-03],
          [-1.1228e-02,  4.8553e-03, -5.9977e-03],
          [-6.0756e-03, -1.2880e-02, -7.4226e-04]]]], device='cuda:0',
       requires_grad=True)

conv_net.9.bias, torch.Size([512]), # params: 512, Parameter containing:
tensor([-1.2393e-02, -4.8956e-03, -1.1164e-02,  8.8540e-03,  1.3578e-02,
         1.3925e-02,  9.2258e-03,  4.7523e-03,  1.1834e-02, -2.3017e-03,
         1.6395e-03, -1.7739e-03,  1.0087e-02,  7.8416e-03,  1.8904e-03,
        -2.4303e-05,  1.2104e-02,  8.8517e-03,  1.1039e-02,  1.0528e-02,
         1.7840e-03,  6.5710e-03, -4.8264e-03, -2.1325e-03,  3.5377e-03,
        -1.4607e-02, -3.0401e-03, -1.0066e-02,  1.3016e-02,  6.3589e-03,
        -1.4478e-03, -9.2728e-04,  5.8885e-03, -1.8552e-03, -9.7678e-03,
         1.0467e-02, -1.2547e-02, -3.5651e-04,  7.6756e-03,  8.3146e-03,
        -1.7253e-03,  9.3381e-03,  6.5069e-03, -1.9215e-03, -1.1123e-02,
        -1.1649e-02, -7.0668e-03, -2.7389e-03, -9.9534e-03,  1.0266e-02,
         9.7928e-03, -8.1021e-03, -1.0700e-04, -5.9593e-03,  8.7889e-03,
         8.3730e-03,  4.7812e-03, -5.0329e-03,  1.3461e-02, -6.0703e-03,
         6.1507e-03,  5.7685e-03, -1.5710e-03,  1.2427e-02,  2.6261e-03,
         1.4249e-02, -9.3145e-03,  1.1017e-02,  9.5166e-03,  2.9841e-03,
         1.0421e-02,  6.5447e-03, -1.9274e-03,  2.5158e-03,  4.6698e-03,
         5.1207e-03, -1.2794e-03,  1.1524e-02,  7.3673e-03, -1.1952e-02,
         1.0328e-02,  1.1965e-02, -1.0476e-02, -3.2281e-03, -9.2375e-03,
         3.4936e-03, -5.2572e-03, -4.7455e-03,  6.7889e-03,  9.1782e-03,
         5.2971e-03, -5.0710e-03, -1.2764e-02,  4.3707e-04,  1.0051e-02,
        -7.5791e-03, -1.1590e-02,  7.2395e-03, -1.2129e-02,  6.2590e-03,
        -2.6393e-03,  1.4052e-04, -1.0172e-02, -1.2334e-04,  3.1369e-03,
        -1.0315e-02, -1.3218e-02,  9.3729e-03,  1.2095e-02, -1.2420e-02,
         1.4699e-02,  8.2168e-03,  1.1912e-02,  9.1828e-03,  1.2133e-02,
         4.3565e-03,  1.3266e-02, -1.1233e-02,  1.2691e-02,  1.0609e-02,
        -1.0488e-02, -8.2374e-03, -9.7370e-03, -6.8108e-03, -1.3879e-02,
         1.2164e-02,  1.3921e-02,  1.1946e-02, -8.9956e-03, -9.3809e-03,
         1.2167e-02,  7.9375e-03,  1.2372e-02,  1.1596e-02,  1.4631e-02,
        -7.2911e-03,  1.1819e-02, -1.1671e-02, -5.9840e-03,  9.8429e-03,
         1.1836e-02,  9.3168e-03, -1.1485e-02, -1.2100e-02, -3.1115e-03,
        -1.1464e-02, -1.0819e-02,  1.0931e-02, -1.2487e-03, -6.1503e-03,
         2.4295e-03, -8.4096e-03,  3.5312e-03, -1.4257e-02,  5.3627e-03,
        -1.3923e-02,  1.1995e-03,  1.1560e-02, -7.5220e-03,  9.5623e-03,
        -2.8794e-03, -1.0151e-02,  1.8112e-03, -1.1573e-02, -8.4237e-03,
        -2.6522e-03, -1.4655e-02, -4.4922e-04,  5.5752e-03, -9.9999e-04,
        -3.7138e-03, -6.1901e-03, -1.3923e-02,  5.0988e-03, -7.4047e-03,
         5.0585e-03, -1.8635e-03,  1.0574e-03,  1.4835e-03, -1.0250e-02,
         6.7178e-03, -4.9102e-03, -1.0245e-02, -4.2527e-03,  1.3598e-02,
        -3.8839e-03,  4.1604e-05,  5.9939e-03, -1.0490e-02, -1.2841e-02,
         8.3859e-03, -4.8904e-03, -6.1358e-03, -8.7020e-03,  5.3283e-03,
        -1.2533e-02, -2.3153e-03, -4.8831e-03,  1.1855e-04,  4.0212e-03,
         1.2730e-04,  3.3984e-03, -9.4359e-03, -6.5154e-03,  1.4063e-03,
        -1.0683e-02,  1.4425e-02,  8.1718e-03,  2.4121e-03,  4.0822e-03,
        -2.5650e-03,  1.0924e-02, -4.9471e-03,  7.3255e-03,  1.0744e-02,
         1.3498e-03, -1.0825e-02, -6.6886e-03,  1.0650e-02,  3.4546e-03,
         3.2914e-03,  1.4657e-02, -5.4523e-03,  1.1957e-02,  2.4412e-03,
         8.7569e-04, -4.4445e-03, -6.6482e-03,  1.1022e-02, -9.7984e-03,
        -4.5478e-03, -1.4503e-02, -5.3457e-03, -5.7441e-03, -7.1098e-03,
        -1.3199e-02,  4.1437e-03,  8.4409e-03,  4.1274e-03,  1.4213e-03,
        -4.2559e-03,  6.2463e-03,  5.5743e-03, -7.3842e-03, -1.0215e-02,
         2.4530e-03,  1.2094e-03,  1.1049e-02,  5.9917e-03,  4.6393e-03,
        -9.1010e-03,  7.2965e-03,  3.2382e-04, -1.3668e-02,  9.3996e-03,
         2.0603e-04,  3.8398e-03, -1.1424e-02, -7.0967e-03,  1.3209e-03,
        -1.4175e-02,  2.5750e-03, -3.8768e-04, -2.0885e-04,  1.1170e-03,
        -6.9279e-03, -1.3445e-02,  1.3195e-02,  1.1894e-02, -4.6583e-03,
         1.3748e-02, -4.0658e-03, -5.9533e-03, -7.1082e-03, -1.4101e-02,
        -5.3230e-03,  1.3714e-02,  1.2622e-02, -5.6358e-03, -2.2564e-03,
        -2.0179e-03,  1.0996e-02,  4.6246e-03, -5.9687e-04,  2.7887e-03,
        -3.5615e-03, -4.2711e-03, -1.2926e-02, -5.1828e-03, -1.4536e-02,
         4.7066e-03, -1.4496e-02, -1.4347e-02, -9.1018e-03,  3.3823e-03,
         4.9265e-03,  5.0252e-03, -1.3076e-02,  1.3624e-02,  4.9637e-03,
        -4.0578e-03, -1.8328e-03,  2.3421e-03, -9.5071e-03,  4.1315e-03,
        -6.8512e-03, -1.4099e-02,  1.4382e-02,  3.6719e-04,  2.3007e-03,
        -1.4398e-03,  8.7814e-03, -1.8959e-03,  8.6785e-03, -7.3016e-03,
         7.0145e-03, -7.3289e-03, -8.7070e-03,  1.3039e-02, -1.1033e-02,
        -1.4651e-02, -5.3044e-03,  1.8719e-03, -9.0448e-03, -1.4723e-04,
        -2.2602e-03, -8.8884e-03,  1.1095e-02, -1.3620e-03, -5.1705e-03,
        -9.5368e-03, -4.5040e-03, -1.0516e-02,  8.8087e-03, -9.0796e-03,
         1.2938e-02,  7.7164e-03,  5.6983e-03, -7.9359e-03,  8.0543e-03,
         4.2401e-04,  9.3765e-03,  4.2587e-03, -5.8305e-03, -7.3780e-03,
        -1.2677e-02,  7.8338e-03, -1.4197e-02, -8.8718e-03,  6.6942e-04,
         1.7251e-03,  4.8148e-03,  1.3582e-02,  7.6272e-03, -1.2318e-02,
         1.4385e-02,  9.3350e-03, -7.2611e-04, -4.3226e-03,  6.1868e-03,
         1.1804e-02, -1.2165e-02, -5.5326e-04, -2.9372e-03, -9.9380e-03,
         9.9854e-03, -2.9350e-03,  2.4280e-03,  7.2600e-03, -1.0370e-02,
         9.4127e-03, -9.2207e-03,  3.1524e-03, -1.1499e-02, -4.4034e-04,
        -1.2357e-02, -1.3344e-02,  1.5310e-04,  5.4255e-03, -6.0328e-03,
         8.8554e-04,  4.8219e-03, -2.5250e-03,  7.6514e-03, -3.8111e-05,
        -1.3061e-02,  6.6823e-03,  1.7890e-05, -1.4933e-03,  3.7612e-03,
         6.6826e-03,  6.9283e-03, -3.7317e-03, -2.9948e-03,  1.8751e-04,
        -1.3126e-03,  4.0044e-03, -2.6170e-03,  6.2880e-03, -1.2645e-03,
        -5.9614e-03,  9.7790e-03, -4.8934e-03, -2.9390e-03,  1.3661e-02,
        -1.0757e-02,  3.1218e-03,  7.8621e-04, -7.4292e-03,  4.6102e-03,
         6.6444e-03, -2.5121e-03,  1.1271e-03, -1.2722e-02,  1.0328e-03,
         1.3752e-02, -5.8552e-03,  9.4201e-03,  2.4874e-03, -1.1754e-02,
        -6.6779e-03,  1.2165e-02,  8.0717e-03,  9.5147e-03, -4.1780e-03,
         1.1487e-02,  4.0025e-03, -1.9783e-03, -9.5489e-03, -7.8148e-03,
        -1.2915e-02,  1.1953e-02, -1.2229e-02, -2.2000e-03,  7.1928e-03,
         5.2337e-03,  8.3104e-03, -3.3372e-04, -1.4831e-03, -1.3874e-02,
         1.2439e-02,  1.1375e-02, -1.1282e-02,  1.0751e-02,  4.7221e-03,
        -4.8369e-03,  4.9292e-03,  8.9265e-03, -5.3916e-03,  1.2197e-02,
         1.2924e-02, -1.2517e-02,  1.1691e-02,  1.2781e-02,  1.1397e-02,
         4.0649e-03, -1.2279e-02,  6.0130e-03, -5.4436e-03,  4.0711e-03,
        -3.2262e-03, -9.7503e-03,  1.2912e-02,  6.5181e-03, -1.2261e-02,
        -1.3857e-02,  2.9675e-03, -1.3650e-03,  3.7638e-03, -3.1222e-03,
        -1.3080e-02, -8.8426e-04, -3.8566e-03,  1.2908e-02, -7.8142e-03,
         3.3821e-03,  5.8158e-03,  3.7953e-03, -1.0412e-02, -5.2336e-03,
         1.2550e-02, -1.5608e-03, -1.4102e-02,  6.9234e-03,  6.8513e-03,
        -8.8587e-03,  1.0069e-02,  9.9284e-04, -6.4336e-03, -3.2891e-03,
        -9.5389e-03,  4.2845e-03, -1.1439e-02,  3.3034e-04,  3.5670e-03,
        -3.8708e-03, -8.7158e-03, -1.1310e-02, -1.3006e-02, -1.3126e-02,
         1.0873e-02,  3.7242e-03,  5.5930e-03, -1.2660e-02, -1.1609e-02,
        -2.4407e-03, -1.0668e-02,  2.6231e-03,  2.8925e-03, -1.1506e-02,
         6.3472e-03,  5.3843e-04], device='cuda:0', requires_grad=True)

conv_net.12.weight, torch.Size([512, 512, 3, 3]), # params: 2359296, Parameter containing:
tensor([[[[ 8.1249e-03, -6.6936e-03,  5.5114e-03],
          [ 2.6817e-03,  1.3714e-02, -9.3773e-03],
          [ 2.8282e-03,  1.1404e-02, -6.5310e-03]],

         [[-7.7117e-03,  8.4029e-03,  8.6934e-03],
          [ 1.4670e-02, -1.4863e-04, -3.9355e-03],
          [-1.0123e-02, -1.5882e-03, -9.8232e-03]],

         [[-8.0267e-03, -2.9322e-03, -8.6884e-03],
          [-6.6064e-03,  4.0054e-03, -2.7350e-03],
          [ 4.0803e-04, -6.1469e-03, -1.3797e-02]],

         ...,

         [[-1.4076e-02, -9.4641e-03, -9.2149e-03],
          [ 2.5755e-03, -3.2048e-03,  3.5920e-03],
          [-1.3978e-02, -6.9348e-03,  3.5820e-03]],

         [[-7.8501e-03,  5.7491e-03,  1.0506e-02],
          [ 1.1430e-02,  4.3248e-03,  3.6951e-03],
          [-1.4459e-02, -1.0552e-02,  7.5487e-03]],

         [[-1.0113e-02,  6.7557e-03,  1.2499e-02],
          [ 5.9014e-03,  6.5919e-03,  9.5627e-03],
          [ 8.5732e-03,  6.1412e-03,  3.8833e-03]]],


        [[[ 1.1716e-02, -1.0594e-02, -6.8555e-04],
          [ 5.9777e-04, -9.8031e-03, -1.3221e-02],
          [ 4.4414e-03,  5.0058e-03, -3.9222e-03]],

         [[ 5.3053e-03,  1.1284e-02,  2.5845e-03],
          [ 1.2567e-02,  2.9115e-03, -1.3424e-02],
          [-9.3060e-03, -9.8709e-03, -1.2890e-02]],

         [[ 1.0811e-02, -4.2496e-03, -5.3030e-03],
          [ 1.1489e-02, -2.3312e-03, -9.6052e-03],
          [-1.3713e-02,  5.0047e-03,  6.6227e-03]],

         ...,

         [[-6.0005e-03, -4.1715e-03,  1.1634e-02],
          [ 1.7269e-03,  7.6490e-03,  5.2087e-03],
          [-1.3610e-02,  1.0428e-03, -9.3650e-03]],

         [[-5.0660e-03,  1.8745e-03, -5.9219e-03],
          [-2.9527e-03, -5.9541e-03,  3.5963e-03],
          [ 9.5954e-05, -4.5262e-03, -2.1858e-03]],

         [[-1.0399e-02, -1.0061e-02, -7.0610e-03],
          [-8.2019e-03, -4.8263e-03, -1.0155e-04],
          [ 7.0780e-03, -2.8207e-03, -3.0935e-03]]],


        [[[ 1.0631e-03, -5.8617e-03,  2.6082e-03],
          [-5.2901e-03, -1.2026e-03,  3.1116e-03],
          [-1.9960e-03,  7.7185e-05,  3.5028e-03]],

         [[ 1.3510e-02,  6.8192e-03, -1.6084e-03],
          [ 1.1638e-02, -4.0857e-03, -1.4644e-02],
          [ 1.1257e-02, -1.1034e-03,  5.5693e-03]],

         [[ 6.6206e-03,  1.3535e-02, -8.2162e-03],
          [ 5.6442e-03,  1.1314e-02,  9.4783e-03],
          [ 1.0495e-02, -5.1098e-03, -1.5832e-03]],

         ...,

         [[ 5.3193e-03, -8.2093e-03, -1.9583e-03],
          [ 2.5974e-03,  6.6659e-03,  1.2408e-02],
          [ 1.0153e-02,  2.7650e-04, -4.2848e-03]],

         [[-1.5055e-03, -1.1100e-02,  4.7092e-03],
          [ 5.8084e-03, -1.3331e-02, -1.1754e-02],
          [-2.2018e-03, -1.2763e-03, -1.1119e-02]],

         [[-9.3586e-03,  4.8113e-03, -8.4916e-03],
          [-5.9409e-03,  2.2973e-03, -1.3677e-03],
          [ 5.3574e-04,  6.6950e-03, -1.3794e-02]]],


        ...,


        [[[ 1.0759e-02,  7.6342e-03,  8.5700e-03],
          [ 1.0860e-02,  1.3481e-02, -1.1917e-02],
          [ 1.0284e-02, -1.2006e-02, -8.2065e-03]],

         [[ 7.7667e-04, -1.0212e-02, -2.0274e-03],
          [-1.1786e-02, -1.8176e-03,  1.2276e-03],
          [-1.2822e-02,  4.0628e-03,  1.5635e-03]],

         [[ 7.0043e-03, -5.6655e-03, -7.1547e-03],
          [ 8.0046e-03, -7.5682e-03,  7.0065e-03],
          [ 9.6943e-03, -5.5055e-03, -2.6382e-03]],

         ...,

         [[ 6.2662e-04,  4.3369e-03, -1.3388e-02],
          [-7.9130e-03, -2.2250e-04,  4.6191e-03],
          [ 1.1444e-02,  8.8911e-04, -1.9735e-03]],

         [[ 1.3537e-02,  1.7634e-04, -2.0302e-03],
          [-1.4659e-02,  9.6538e-03,  4.1954e-03],
          [-1.4499e-02, -6.6873e-03,  6.9379e-03]],

         [[ 9.8733e-03,  7.2196e-03, -1.3127e-02],
          [ 1.0317e-02, -7.8071e-03, -1.4380e-02],
          [ 8.4431e-03,  1.3275e-03, -7.5516e-03]]],


        [[[ 1.2743e-03, -1.2241e-02, -1.0593e-02],
          [ 5.9644e-04, -9.7834e-03, -3.7483e-03],
          [ 8.6078e-03,  8.0937e-03,  1.3893e-02]],

         [[-1.2558e-02,  9.0075e-03,  1.1268e-02],
          [ 1.3477e-02, -9.1697e-03,  2.8378e-03],
          [-8.3678e-03,  1.3426e-03, -1.1291e-02]],

         [[ 1.2376e-02,  4.6224e-03,  3.5078e-03],
          [ 1.2670e-02, -9.3828e-03,  5.6284e-03],
          [-1.3159e-02, -2.8008e-03, -1.2332e-02]],

         ...,

         [[-1.0133e-02,  1.1763e-03,  4.3704e-03],
          [-1.0028e-02,  1.3348e-02,  2.3677e-03],
          [ 6.2458e-03,  9.6186e-04, -1.4066e-02]],

         [[-4.5574e-03, -1.3685e-02, -4.8285e-03],
          [ 2.6311e-03, -8.4868e-03,  8.0277e-03],
          [ 3.5252e-03,  1.0169e-02, -6.5091e-03]],

         [[-1.1536e-02,  6.9654e-04, -6.5414e-03],
          [ 1.4040e-02,  7.7293e-03, -1.0269e-02],
          [ 3.6876e-03,  9.3583e-03,  5.0640e-03]]],


        [[[ 2.2664e-04, -3.4179e-03,  8.0585e-05],
          [ 6.5096e-03, -1.2273e-02, -4.6960e-03],
          [ 3.1594e-03,  3.3775e-03,  7.8739e-03]],

         [[ 1.7105e-03,  3.6404e-03,  8.2824e-03],
          [-1.1797e-02,  7.4427e-03,  4.1772e-03],
          [-1.0475e-02, -1.1041e-02,  3.5961e-03]],

         [[-6.5309e-03,  5.7972e-03,  1.2892e-02],
          [ 8.5146e-03, -5.8057e-03,  1.1069e-02],
          [-1.2419e-02, -1.1270e-02,  1.4640e-02]],

         ...,

         [[ 5.4505e-03,  1.1070e-02, -7.0728e-04],
          [ 5.1320e-03,  1.2237e-02,  1.3405e-03],
          [-6.5632e-03,  9.2029e-04, -1.3356e-02]],

         [[-1.2673e-02, -2.6092e-05,  3.0990e-03],
          [-6.0364e-03,  2.1520e-03,  8.9636e-03],
          [ 1.3618e-02, -1.4482e-02, -1.0833e-02]],

         [[ 7.7399e-03, -7.0437e-04,  8.8874e-03],
          [ 1.3783e-02, -1.0027e-02, -9.6762e-03],
          [ 7.6029e-03,  9.2914e-04, -4.4631e-03]]]], device='cuda:0',
       requires_grad=True)

conv_net.12.bias, torch.Size([512]), # params: 512, Parameter containing:
tensor([ 1.0972e-03,  6.6456e-03,  1.2041e-02, -1.0954e-02,  5.1947e-03,
         9.3683e-03,  8.5567e-03,  9.6556e-03,  1.2611e-02, -5.2118e-03,
        -3.8980e-03, -1.0117e-02,  8.8941e-03, -2.1575e-03,  1.3182e-02,
        -2.2707e-03, -1.1822e-02, -7.7288e-03,  1.2056e-02, -1.2813e-02,
         1.0553e-02,  2.3179e-03, -1.3697e-02,  6.1406e-03,  6.2564e-03,
        -5.6587e-03, -5.4746e-03,  1.2942e-02, -1.1969e-02, -3.2079e-03,
        -5.8413e-03, -4.9842e-04, -3.9413e-03, -1.0752e-02, -1.0693e-02,
        -7.3115e-03, -8.3710e-03,  1.1671e-02, -7.9754e-03,  1.0655e-02,
         6.1559e-03, -1.4070e-02,  1.3019e-02,  4.3335e-03, -1.2588e-02,
         2.1940e-03,  4.6780e-03,  5.0406e-03,  2.2038e-03,  7.9852e-03,
         7.3810e-03,  1.0115e-02,  7.0521e-03,  5.7508e-03,  2.1362e-03,
         6.7682e-03, -9.5865e-03,  1.3420e-03,  1.3664e-03,  1.2193e-02,
         6.0340e-03, -4.3973e-03, -1.3974e-02, -1.3881e-03,  1.1156e-02,
         3.5962e-03, -1.4106e-03, -9.7241e-03, -8.9351e-03, -4.7315e-03,
        -1.4853e-03,  1.3841e-02, -3.0724e-04, -1.3527e-03, -9.0100e-03,
        -4.4153e-04,  1.4478e-02, -1.1354e-02,  5.0849e-03, -2.1589e-03,
         1.0452e-02,  6.7324e-03, -2.2786e-03, -6.0949e-03, -8.8465e-03,
         3.6698e-03, -1.0757e-03, -1.3697e-02,  7.3797e-03,  1.0835e-02,
         9.9215e-04,  1.1232e-02,  2.1885e-03,  9.7862e-03,  9.5859e-04,
        -1.3911e-02, -1.4092e-02, -8.5296e-03,  4.2600e-03, -6.1484e-03,
         1.1114e-02,  5.4479e-03,  1.1599e-03, -2.1244e-04, -1.0276e-02,
         7.0630e-03,  4.6458e-03, -1.1285e-02, -1.0789e-04, -1.0910e-02,
         1.1342e-02,  4.6683e-03, -4.3151e-03, -1.4461e-02, -1.9098e-03,
         7.9158e-03,  8.4791e-03,  2.2618e-04,  8.4876e-04,  1.3478e-02,
         1.0789e-02, -8.0075e-03, -5.6161e-03,  6.4839e-04, -2.4746e-03,
         1.3254e-02, -5.3224e-03, -1.0587e-02,  5.4716e-03,  6.8524e-03,
        -1.1442e-02, -8.2026e-03, -9.0211e-03,  9.1027e-04,  1.0122e-02,
         5.5286e-03, -1.0710e-02, -1.2897e-02,  1.4132e-02, -7.4976e-03,
        -3.2901e-03,  6.1979e-03,  2.7499e-03, -1.1141e-02,  1.2805e-04,
        -5.9531e-03,  8.8821e-03, -1.3039e-02,  5.3295e-03,  2.0297e-03,
        -1.1258e-03, -1.0401e-02,  1.3656e-02, -3.7213e-03, -1.3677e-02,
         4.7474e-03,  1.2710e-02, -1.3586e-02,  4.5561e-03,  3.6006e-03,
        -1.1150e-02, -9.3104e-03,  9.0937e-03, -1.5865e-03, -3.6701e-03,
         1.3504e-02,  1.6339e-04, -2.3017e-03, -4.9638e-03, -1.1337e-02,
         7.5776e-03, -1.4465e-02, -4.4846e-03,  1.5194e-03, -1.4065e-02,
         8.5793e-03, -8.2663e-04, -1.6624e-03,  1.4127e-02,  4.1973e-04,
        -1.9500e-03,  8.1843e-03, -1.1677e-02,  1.1887e-02,  1.0866e-02,
         1.4307e-02,  1.1581e-02,  4.4052e-03, -1.4841e-03,  5.6943e-03,
         1.2559e-02,  1.4479e-02, -9.9595e-03,  1.1632e-02,  5.9094e-03,
         4.4036e-03,  7.1460e-03, -1.2528e-02,  2.5368e-03,  5.8714e-03,
        -1.2819e-02, -9.8963e-03,  3.5356e-03, -4.3755e-03, -1.0946e-02,
        -2.9073e-03, -1.1216e-03, -7.4818e-03,  2.7523e-03, -7.6489e-03,
         4.2852e-03, -9.5408e-03, -1.0445e-02,  1.7275e-03,  1.0631e-03,
         2.6529e-03,  1.3288e-03, -1.2448e-02, -3.5147e-03,  1.4125e-02,
         4.4069e-04, -9.5689e-03, -8.8526e-03,  5.0263e-03,  1.3633e-02,
        -1.3700e-02,  1.2142e-02,  1.0547e-02,  1.2246e-02, -2.4529e-03,
        -1.2237e-02, -5.1421e-03, -2.7384e-03, -2.1938e-03,  6.6761e-03,
         2.4019e-03,  5.9125e-04, -3.9567e-04,  1.0607e-02,  1.2120e-02,
        -2.3314e-03,  5.0920e-03,  1.4228e-02, -4.3102e-05, -8.9178e-03,
         7.5482e-03,  1.1533e-02, -1.4126e-02, -6.0164e-03, -3.3597e-04,
        -1.2357e-02,  4.6442e-03, -4.2962e-03, -2.8476e-03, -3.6337e-03,
         1.2204e-02,  9.3100e-03, -1.3847e-02, -2.3600e-03, -1.4167e-04,
         4.4287e-03, -1.1914e-02, -2.4453e-03,  9.2083e-03,  4.6441e-03,
         9.8695e-03, -3.8311e-03, -1.2158e-02, -1.6548e-03,  7.4239e-03,
        -1.4316e-02,  9.4006e-03,  1.3300e-02,  8.3852e-03, -1.3227e-02,
        -8.3456e-03,  7.5076e-03,  1.0313e-02, -1.0683e-02,  4.7991e-03,
         1.2900e-02,  1.3830e-02,  1.0313e-02, -4.9874e-03,  1.4080e-02,
         1.0387e-04,  8.1343e-03, -6.6006e-03, -7.4351e-03,  8.1005e-03,
        -2.9510e-03,  4.2713e-03,  1.4647e-02, -6.9385e-03,  1.4681e-02,
         9.9891e-03, -1.1596e-02,  1.0085e-02, -2.3387e-03, -4.0186e-03,
        -1.4249e-02,  6.3300e-03,  1.7580e-03,  7.5090e-04, -1.1421e-02,
        -9.5834e-03,  8.7983e-03, -9.9938e-03,  5.3098e-04, -1.4196e-02,
        -1.4304e-03,  1.3893e-02,  9.2618e-03,  1.1730e-03, -1.6715e-04,
        -1.7241e-03, -1.2441e-02, -9.6424e-03,  1.1607e-04, -1.1991e-02,
        -2.1960e-03,  2.7278e-03, -5.0502e-03, -1.1481e-02,  3.9418e-03,
        -7.8854e-03, -1.3165e-03,  9.4083e-04,  7.2472e-03, -2.1809e-03,
         1.1120e-02,  1.0408e-02, -6.5499e-03, -1.1709e-02, -3.1963e-03,
        -6.0691e-03,  1.3702e-02,  1.5021e-03, -8.2175e-03, -1.3430e-02,
         8.9292e-03,  1.4076e-02, -1.3681e-02, -1.4540e-02, -1.0531e-02,
        -1.3470e-02,  7.9555e-03,  1.2284e-02, -4.3309e-03, -5.3600e-03,
        -1.2566e-02, -1.2693e-02, -1.1715e-02, -7.1107e-04, -1.3293e-02,
        -5.1359e-05,  1.6139e-03,  1.1867e-02,  9.8789e-03, -9.2309e-03,
        -6.4640e-03,  4.4691e-03, -6.1892e-03, -7.3051e-03,  9.7790e-03,
        -2.1960e-03, -1.1791e-02,  3.3967e-03, -1.3726e-02,  1.3943e-02,
         9.1505e-03, -6.2708e-03, -4.2176e-03, -1.6818e-03,  3.7816e-03,
         7.1308e-03,  1.2392e-02,  2.3630e-03, -5.2619e-03,  8.9004e-03,
         1.4565e-02, -3.4121e-03,  1.0036e-02,  8.1838e-03, -3.8369e-03,
        -1.4488e-02, -1.2074e-02,  4.9469e-04,  1.3356e-02, -9.1101e-03,
        -1.4415e-02,  1.4089e-02, -1.3765e-02, -1.0002e-02, -5.3950e-03,
        -1.0085e-02,  6.8737e-04,  3.8531e-03, -4.7945e-03,  5.7555e-03,
        -1.2706e-02, -9.9204e-03,  6.1771e-03,  8.8381e-03, -5.7333e-03,
        -1.4315e-02,  1.1130e-03,  6.4580e-03, -2.1522e-03,  1.1298e-02,
        -7.2548e-04, -2.6548e-03, -1.0486e-03, -2.6603e-04, -5.9183e-03,
         4.3398e-03, -1.1298e-02,  1.3632e-02, -8.4666e-03,  3.5186e-04,
         1.4171e-02,  1.1701e-02, -4.7507e-03,  8.0375e-03,  4.9308e-03,
        -8.4716e-03,  6.2939e-03, -1.2199e-02, -4.7874e-03,  7.3366e-03,
        -1.1378e-02,  9.9407e-03,  1.6445e-03,  3.2280e-03,  1.2533e-02,
        -8.3502e-03, -1.7687e-03,  2.1204e-03,  1.1655e-02,  2.0358e-03,
         6.0549e-03, -4.2016e-03,  5.0139e-03,  2.7656e-03, -1.2731e-02,
         5.0341e-03, -1.2264e-03,  3.6273e-03,  3.4616e-03, -3.2873e-03,
        -3.8393e-03, -1.7396e-03, -6.7635e-03,  8.9355e-03,  1.2683e-02,
         1.2896e-02, -1.2305e-02,  4.6554e-03, -2.0934e-03,  1.3474e-02,
         7.5360e-03, -1.0508e-02,  8.9227e-03,  1.3872e-02,  7.3765e-03,
         2.0825e-03,  7.7098e-03, -1.5040e-03,  1.1858e-02,  2.4263e-04,
        -2.8811e-03,  4.4660e-03, -1.3356e-02,  7.9912e-03,  5.4582e-03,
        -9.7640e-03,  1.1780e-02, -6.8993e-03,  9.9616e-03, -1.4558e-02,
         4.3517e-04, -1.0713e-02,  2.6461e-03, -1.4568e-02,  1.2080e-02,
         1.2977e-02,  6.7881e-03, -1.0916e-02,  1.3299e-03,  1.3206e-02,
         1.0031e-04,  8.9885e-03, -5.7172e-03,  9.9667e-03, -6.6640e-03,
         4.8201e-03, -4.8511e-03, -4.6784e-03, -1.1869e-02, -2.9879e-03,
         1.1445e-02, -6.5056e-03,  1.0903e-03, -1.3025e-02,  1.3515e-02,
        -5.1227e-04,  8.8858e-03, -6.1432e-03, -3.6523e-04, -5.4912e-03,
        -6.2609e-03, -1.1040e-02], device='cuda:0', requires_grad=True)

conv_net.16.weight, torch.Size([10, 512]), # params: 5120, Parameter containing:
tensor([[-5.8841e-04,  2.2066e-03, -5.5140e-04,  ...,  1.6134e-03,
         -3.1017e-04, -1.0209e-03],
        [ 5.0301e-04,  2.2695e-05,  1.7590e-03,  ...,  3.6072e-04,
         -1.8171e-03, -7.7125e-04],
        [-1.5752e-03,  5.2085e-04, -1.1622e-03,  ..., -4.8921e-05,
         -7.5222e-05,  1.0711e-03],
        ...,
        [ 3.7272e-04, -2.0198e-03, -1.1831e-04,  ..., -7.6059e-04,
         -9.4984e-05, -3.6216e-04],
        [-6.1277e-04,  2.2778e-03, -1.2645e-04,  ...,  3.7120e-04,
         -6.6869e-04,  2.5444e-04],
        [-3.7930e-04, -5.6740e-04,  1.6891e-03,  ..., -1.3412e-03,
         -2.4698e-04, -3.4094e-04]], device='cuda:0', requires_grad=True)

conv_net.16.bias, torch.Size([10]), # params: 10, Parameter containing:
tensor([0., 0., 0., 0., 0., 0., 0., 0., 0., 0.], device='cuda:0',
       requires_grad=True)

Total # params: 7678474

conv_net[0].weight shape: torch.Size([128, 3, 3, 3])
Epoch [1/20], Step [100/245], Loss: 1.8212
Epoch [1/20], Step [200/245], Loss: 1.5200
Validataion accuracy is: 50.1 %
Epoch [2/20], Step [100/245], Loss: 1.2597
Epoch [2/20], Step [200/245], Loss: 1.2429
Validataion accuracy is: 61.0 %
Epoch [3/20], Step [100/245], Loss: 1.0278
Epoch [3/20], Step [200/245], Loss: 1.0966
Validataion accuracy is: 64.7 %
Epoch [4/20], Step [100/245], Loss: 0.7608
Epoch [4/20], Step [200/245], Loss: 0.8693
Validataion accuracy is: 74.8 %
Epoch [5/20], Step [100/245], Loss: 0.7205
Epoch [5/20], Step [200/245], Loss: 0.7347
Validataion accuracy is: 74.5 %
Epoch [6/20], Step [100/245], Loss: 0.6245
Epoch [6/20], Step [200/245], Loss: 0.6192
Validataion accuracy is: 75.3 %
Epoch [7/20], Step [100/245], Loss: 0.5470
Epoch [7/20], Step [200/245], Loss: 0.6219
Validataion accuracy is: 76.8 %
Epoch [8/20], Step [100/245], Loss: 0.5824
Epoch [8/20], Step [200/245], Loss: 0.6170
Validataion accuracy is: 74.6 %
Epoch [9/20], Step [100/245], Loss: 0.3843
Epoch [9/20], Step [200/245], Loss: 0.5443
Validataion accuracy is: 77.1 %
Epoch [10/20], Step [100/245], Loss: 0.4619
Epoch [10/20], Step [200/245], Loss: 0.4998
Validataion accuracy is: 78.7 %
Epoch [11/20], Step [100/245], Loss: 0.3529
Epoch [11/20], Step [200/245], Loss: 0.4663
Validataion accuracy is: 80.3 %
Epoch [12/20], Step [100/245], Loss: 0.3554
Epoch [12/20], Step [200/245], Loss: 0.3208
Validataion accuracy is: 78.6 %
Epoch [13/20], Step [100/245], Loss: 0.4580
Epoch [13/20], Step [200/245], Loss: 0.2631
Validataion accuracy is: 79.2 %
Epoch [14/20], Step [100/245], Loss: 0.2615
Epoch [14/20], Step [200/245], Loss: 0.3135
Validataion accuracy is: 78.4 %
Epoch [15/20], Step [100/245], Loss: 0.2448
Epoch [15/20], Step [200/245], Loss: 0.3034
Validataion accuracy is: 78.6 %
Epoch [16/20], Step [100/245], Loss: 0.2242
Epoch [16/20], Step [200/245], Loss: 0.3234
Validataion accuracy is: 77.9 %
Epoch [17/20], Step [100/245], Loss: 0.1439
Epoch [17/20], Step [200/245], Loss: 0.2518
Validataion accuracy is: 79.8 %
Epoch [18/20], Step [100/245], Loss: 0.2023
Epoch [18/20], Step [200/245], Loss: 0.1611
Validataion accuracy is: 79.3 %
Epoch [19/20], Step [100/245], Loss: 0.1216
Epoch [19/20], Step [200/245], Loss: 0.1946
Validataion accuracy is: 78.4 %
Epoch [20/20], Step [100/245], Loss: 0.1466
Epoch [20/20], Step [200/245], Loss: 0.1345
Validataion accuracy is: 78.3 %
Accuracy of the network on the 1000 test images: 78.7 %
conv_net[0].weight shape: torch.Size([128, 3, 3, 3])
